type= raw events
count= -1
speed= 1.0
start data >>
DispatchKey(1500070,1500070,0,82,0,0,-1,0)
DispatchKey(1501039,1501039,1,82,0,0,-1,0)
DispatchKey(1501243,1501243,0,23,0,0,-1,0)
DispatchKey(1501253,1501253,1,23,0,0,-1,0)
LaunchActivity(com.autostart,com.autostart.AutoStartActivity)
DispatchTrackball(-1,1501825,2,-4.0,4.0,0.0,0.0,0,1.0,1.0,0,0)
DispatchTrackball(-1,1501843,2,-2.0,-2.0,0.0,0.0,0,1.0,1.0,0,0)
DispatchTrackball(-1,1501846,2,-4.0,2.0,0.0,0.0,0,1.0,1.0,0,0)
DispatchTrackball(-1,1501863,2,-1.0,-5.0,0.0,0.0,0,1.0,1.0,0,0)
DispatchTrackball(-1,1501871,2,-5.0,4.0,0.0,0.0,0,1.0,1.0,0,0)
DispatchTrackball(-1,1501904,2,-2.0,-1.0,0.0,0.0,0,1.0,1.0,0,0)
DispatchTrackball(-1,1501929,2,4.0,1.0,0.0,0.0,0,1.0,1.0,0,0)
DispatchTrackball(-1,1501952,2,-3.0,2.0,0.0,0.0,0,1.0,1.0,0,0)
DispatchTrackball(-1,1501954,2,1.0,-4.0,0.0,0.0,0,1.0,1.0,0,0)
DispatchTrackball(-1,1501959,2,-2.0,3.0,0.0,0.0,0,1.0,1.0,0,0)
DispatchKey(1501971,1501971,0,23,0,0,-1,0)
DispatchKey(1502047,1502047,1,23,0,0,-1,0)
DispatchPointer(1502175,1502176,0,61.0,32.0,0.0,0.0,0,1.0,1.0,0,0)
DispatchPointer(1502175,1502205,2,40.91794,32.793747,0.0,0.0,0,1.0,1.0,0,0)
DispatchPointer(1502175,1502208,2,33.14438,42.003742,0.0,0.0,0,1.0,1.0,0,0)
DispatchPointer(1502175,1502262,1,29.725462,42.886368,0.0,0.0,0,1.0,1.0,0,0)
DispatchFlip(false)
DispatchKey(1502322,1502322,0,22,0,0,-1,0)
DispatchKey(1502335,1502335,1,22,0,0,-1,0)
DispatchPointer(1502363,1502364,0,179.0,453.0,0.0,0.0,0,1.0,1.0,0,0)
DispatchPointer(1502363,1502369,2,169.25801,450.40976,0.0,0.0,0,1.0,1.0,0,0)
DispatchPointer(1502363,1502377,2,162.76694,446.13596,0.0,0.0,0,1.0,1.0,0,0)
DispatchPointer(1502363,1502383,1,143.95233,444.52634,0.0,0.0,0,1.0,1.0,0,0)
DispatchKey(1502389,1502389,0,23,0,0,-1,0)
DispatchKey(1502430,1502430,1,23,0,0,-1,0)
DispatchKey(1502469,1502469,0,82,0,0,-1,0)
DispatchKey(1502498,1502498,1,82,0,0,-1,0)
DispatchKey(1502514,1502514,0,22,0,0,-1,0)
DispatchKey(1502559,1502559,1,22,0,0,-1,0)
DispatchKey(1502577,1502577,0,21,0,0,-1,0)
