type= raw events
count= -1
speed= 1.0
start data >>
LaunchActivity(com.autostart,com.autostart.AutoStartActivity)
DispatchKey(744186,744186,0,19,0,0,-1,0)
DispatchKey(744887,744887,1,19,0,0,-1,0)
DispatchKey(745063,745063,0,82,0,0,-1,0)
DispatchKey(745481,745481,1,82,0,0,-1,0)
DispatchTrackball(-1,745503,2,2.0,2.0,0.0,0.0,0,1.0,1.0,0,0)
DispatchTrackball(-1,745519,2,-2.0,0.0,0.0,0.0,0,1.0,1.0,0,0)
DispatchTrackball(-1,745571,2,3.0,-5.0,0.0,0.0,0,1.0,1.0,0,0)
DispatchTrackball(-1,745574,2,-3.0,-5.0,0.0,0.0,0,1.0,1.0,0,0)
DispatchTrackball(-1,745581,2,-3.0,-3.0,0.0,0.0,0,1.0,1.0,0,0)
DispatchTrackball(-1,745587,2,2.0,-5.0,0.0,0.0,0,1.0,1.0,0,0)
DispatchTrackball(-1,745591,2,-3.0,1.0,0.0,0.0,0,1.0,1.0,0,0)
DispatchTrackball(-1,745596,2,-4.0,-2.0,0.0,0.0,0,1.0,1.0,0,0)
DispatchTrackball(-1,745598,2,-2.0,1.0,0.0,0.0,0,1.0,1.0,0,0)
DispatchTrackball(-1,745611,2,-5.0,-3.0,0.0,0.0,0,1.0,1.0,0,0)
DispatchKey(745621,745621,0,21,0,0,-1,0)
DispatchKey(745788,745788,1,21,0,0,-1,0)
DispatchKey(745796,745796,0,24,0,0,-1,0)
DispatchKey(745817,745817,1,24,0,0,-1,0)
DispatchKey(745829,745829,0,21,0,0,-1,0)
DispatchKey(745859,745859,1,21,0,0,-1,0)
DispatchKey(745929,745929,0,19,0,0,-1,0)
DispatchKey(745954,745954,1,19,0,0,-1,0)
DispatchPointer(746024,746024,0,21.0,47.0,0.0,0.0,0,1.0,1.0,0,0)
DispatchPointer(746024,746045,2,18.095161,41.224083,0.0,0.0,0,1.0,1.0,0,0)
DispatchPointer(746024,746051,1,15.069468,32.666557,0.0,0.0,0,1.0,1.0,0,0)
DispatchKey(746059,746059,0,4,0,0,-1,0)
DispatchKey(746089,746089,1,4,0,0,-1,0)
DispatchTrackball(-1,746169,2,-4.0,0.0,0.0,0.0,0,1.0,1.0,0,0)
DispatchTrackball(-1,746307,2,-4.0,0.0,0.0,0.0,0,1.0,1.0,0,0)
DispatchTrackball(-1,746321,2,-5.0,4.0,0.0,0.0,0,1.0,1.0,0,0)
DispatchTrackball(-1,746341,2,-3.0,-3.0,0.0,0.0,0,1.0,1.0,0,0)
DispatchTrackball(-1,746347,2,-1.0,-1.0,0.0,0.0,0,1.0,1.0,0,0)
DispatchTrackball(-1,746349,2,0.0,0.0,0.0,0.0,0,1.0,1.0,0,0)
DispatchTrackball(-1,746364,2,-5.0,-4.0,0.0,0.0,0,1.0,1.0,0,0)
DispatchTrackball(-1,746371,2,-5.0,4.0,0.0,0.0,0,1.0,1.0,0,0)
DispatchTrackball(-1,746373,2,1.0,-5.0,0.0,0.0,0,1.0,1.0,0,0)
DispatchTrackball(-1,746376,2,4.0,-5.0,0.0,0.0,0,1.0,1.0,0,0)
DispatchPointer(746386,746390,0,256.0,8.0,0.0,0.0,0,1.0,1.0,0,0)
DispatchPointer(746386,746408,261,248.53494,8.282394,0.0,0.0,0,1.0,1.0,0,0)
DispatchPointer(746386,746432,2,243.80931,11.946323,0.0,0.0,0,1.0,1.0,0,0)
DispatchPointer(746386,746438,2,238.88142,12.533462,0.0,0.0,0,1.0,1.0,0,0)
DispatchPointer(746386,746461,262,231.25523,15.784681,0.0,0.0,0,1.0,1.0,0,0)
DispatchPointer(746386,746479,1,228.81464,19.606157,0.0,0.0,0,1.0,1.0,0,0)
DispatchKey(746497,746497,0,4,0,0,-1,0)
DispatchKey(746771,746771,1,4,0,0,-1,0)
DispatchTrackball(-1,746795,2,-5.0,2.0,0.0,0.0,0,1.0,1.0,0,0)
DispatchTrackball(-1,746803,2,-5.0,-3.0,0.0,0.0,0,1.0,1.0,0,0)
DispatchTrackball(-1,746808,2,0.0,1.0,0.0,0.0,0,1.0,1.0,0,0)
DispatchTrackball(-1,746811,2,-4.0,4.0,0.0,0.0,0,1.0,1.0,0,0)
DispatchTrackball(-1,746814,2,4.0,-3.0,0.0,0.0,0,1.0,1.0,0,0)
DispatchTrackball(-1,746817,2,0.0,-5.0,0.0,0.0,0,1.0,1.0,0,0)
DispatchTrackball(-1,746821,2,-1.0,1.0,0.0,0.0,0,1.0,1.0,0,0)
DispatchTrackball(-1,746829,2,-2.0,-1.0,0.0,0.0,0,1.0,1.0,0,0)
DispatchTrackball(-1,746833,2,-2.0,3.0,0.0,0.0,0,1.0,1.0,0,0)
DispatchTrackball(-1,746842,2,3.0,1.0,0.0,0.0,0,1.0,1.0,0,0)
GUIGen(23)
DispatchKey(785721,785721,0,20,0,0,-1,0)
DispatchKey(785738,785738,1,20,0,0,-1,0)
DispatchPointer(785874,785875,0,101.0,129.0,0.0,0.0,0,1.0,1.0,0,0)
DispatchPointer(785874,785896,2,100.18225,117.35275,0.0,0.0,0,1.0,1.0,0,0)
DispatchPointer(785874,785902,2,99.13003,97.24127,0.0,0.0,0,1.0,1.0,0,0)
DispatchPointer(785874,785905,2,96.29904,94.14677,0.0,0.0,0,1.0,1.0,0,0)
DispatchPointer(785874,785915,2,93.61034,90.14254,0.0,0.0,0,1.0,1.0,0,0)
DispatchPointer(785874,785919,2,93.31538,88.37047,0.0,0.0,0,1.0,1.0,0,0)
DispatchPointer(785874,785922,2,90.98142,70.05725,0.0,0.0,0,1.0,1.0,0,0)
DispatchPointer(785874,785925,2,90.51197,68.20533,0.0,0.0,0,1.0,1.0,0,0)
DispatchPointer(785874,785927,1,89.871704,49.756958,0.0,0.0,0,1.0,1.0,0,0)
DispatchPointer(785952,785952,0,251.0,218.0,0.0,0.0,0,1.0,1.0,0,0)
DispatchPointer(785952,785963,1,246.52322,208.1636,0.0,0.0,0,1.0,1.0,0,0)
DispatchTrackball(-1,785973,2,-1.0,3.0,0.0,0.0,0,1.0,1.0,0,0)
DispatchTrackball(-1,785977,2,3.0,-1.0,0.0,0.0,0,1.0,1.0,0,0)
DispatchTrackball(-1,785991,2,-1.0,4.0,0.0,0.0,0,1.0,1.0,0,0)
DispatchTrackball(-1,786023,2,1.0,-2.0,0.0,0.0,0,1.0,1.0,0,0)
DispatchTrackball(-1,786028,2,-5.0,3.0,0.0,0.0,0,1.0,1.0,0,0)
DispatchTrackball(-1,786031,2,4.0,0.0,0.0,0.0,0,1.0,1.0,0,0)
DispatchTrackball(-1,786052,2,2.0,3.0,0.0,0.0,0,1.0,1.0,0,0)
DispatchTrackball(-1,786059,2,-2.0,-4.0,0.0,0.0,0,1.0,1.0,0,0)
DispatchTrackball(-1,786065,2,-3.0,2.0,0.0,0.0,0,1.0,1.0,0,0)
DispatchTrackball(-1,786072,2,1.0,-1.0,0.0,0.0,0,1.0,1.0,0,0)
DispatchTrackball(-1,786076,2,0.0,-3.0,0.0,0.0,0,1.0,1.0,0,0)
DispatchTrackball(-1,786079,2,-3.0,1.0,0.0,0.0,0,1.0,1.0,0,0)
DispatchTrackball(-1,786084,2,4.0,-3.0,0.0,0.0,0,1.0,1.0,0,0)
DispatchTrackball(-1,786087,2,2.0,-2.0,0.0,0.0,0,1.0,1.0,0,0)
DispatchTrackball(-1,786089,2,3.0,-3.0,0.0,0.0,0,1.0,1.0,0,0)
DispatchTrackball(-1,786106,2,-1.0,-2.0,0.0,0.0,0,1.0,1.0,0,0)
DispatchTrackball(-1,786116,2,-5.0,4.0,0.0,0.0,0,1.0,1.0,0,0)
DispatchTrackball(-1,786132,2,2.0,4.0,0.0,0.0,0,1.0,1.0,0,0)
DispatchTrackball(-1,786144,2,4.0,-5.0,0.0,0.0,0,1.0,1.0,0,0)
DispatchTrackball(-1,786152,2,4.0,1.0,0.0,0.0,0,1.0,1.0,0,0)
DispatchKey(786190,786190,0,82,0,0,-1,0)
DispatchKey(786715,786715,1,82,0,0,-1,0)
GUIGen(8)
DispatchKey(801400,801400,0,82,0,0,-1,0)
DispatchKey(801411,801411,1,82,0,0,-1,0)
DispatchKey(801424,801424,0,19,0,0,-1,0)
DispatchKey(801439,801439,1,19,0,0,-1,0)
DispatchTrackball(-1,801494,2,-5.0,-2.0,0.0,0.0,0,1.0,1.0,0,0)
DispatchTrackball(-1,801501,2,0.0,-5.0,0.0,0.0,0,1.0,1.0,0,0)
DispatchTrackball(-1,801503,2,4.0,-3.0,0.0,0.0,0,1.0,1.0,0,0)
DispatchTrackball(-1,801506,2,-3.0,0.0,0.0,0.0,0,1.0,1.0,0,0)
DispatchTrackball(-1,801508,2,0.0,-3.0,0.0,0.0,0,1.0,1.0,0,0)
DispatchTrackball(-1,801515,2,0.0,-5.0,0.0,0.0,0,1.0,1.0,0,0)
DispatchTrackball(-1,801530,2,0.0,-4.0,0.0,0.0,0,1.0,1.0,0,0)
DispatchTrackball(-1,801533,2,3.0,-5.0,0.0,0.0,0,1.0,1.0,0,0)
DispatchTrackball(-1,801536,2,-3.0,-1.0,0.0,0.0,0,1.0,1.0,0,0)
DispatchTrackball(-1,801538,2,1.0,1.0,0.0,0.0,0,1.0,1.0,0,0)
DispatchKey(801560,801560,0,23,0,0,-1,0)
DispatchKey(801863,801863,1,23,0,0,-1,0)
DispatchPointer(801896,801896,0,166.0,73.0,0.0,0.0,0,1.0,1.0,0,0)
DispatchPointer(801896,801910,261,160.59723,67.30864,0.0,0.0,0,1.0,1.0,0,0)
DispatchPointer(801896,801919,2,143.61768,66.82866,0.0,0.0,0,1.0,1.0,0,0)
DispatchPointer(801896,801930,2,140.7344,63.57701,0.0,0.0,0,1.0,1.0,0,0)
DispatchPointer(801896,801932,2,128.443,60.315727,0.0,0.0,0,1.0,1.0,0,0)
DispatchPointer(801896,801941,262,118.069664,60.278522,0.0,0.0,0,1.0,1.0,0,0)
DispatchPointer(801896,801951,1,113.71914,59.266495,0.0,0.0,0,1.0,1.0,0,0)
DispatchKey(801956,801956,0,82,0,0,-1,0)
DispatchKey(801986,801986,1,82,0,0,-1,0)
DispatchKey(801994,801994,0,22,0,0,-1,0)
DispatchKey(802024,802024,1,22,0,0,-1,0)
DispatchKey(802038,802038,0,82,0,0,-1,0)
DispatchKey(802058,802058,1,82,0,0,-1,0)
DispatchPointer(802069,802069,0,67.0,367.0,0.0,0.0,0,1.0,1.0,0,0)
DispatchPointer(802069,802115,2,69.89268,370.88397,0.0,0.0,0,1.0,1.0,0,0)
DispatchPointer(802069,802122,1,77.33405,374.51624,0.0,0.0,0,1.0,1.0,0,0)
DispatchTrackball(-1,802127,2,-1.0,-5.0,0.0,0.0,0,1.0,1.0,0,0)
DispatchTrackball(-1,802132,2,4.0,2.0,0.0,0.0,0,1.0,1.0,0,0)
DispatchTrackball(-1,802136,2,1.0,-5.0,0.0,0.0,0,1.0,1.0,0,0)
DispatchTrackball(-1,802138,2,-3.0,-2.0,0.0,0.0,0,1.0,1.0,0,0)
DispatchTrackball(-1,802143,2,0.0,1.0,0.0,0.0,0,1.0,1.0,0,0)
DispatchTrackball(-1,802148,2,0.0,-1.0,0.0,0.0,0,1.0,1.0,0,0)
DispatchTrackball(-1,802152,2,-4.0,-2.0,0.0,0.0,0,1.0,1.0,0,0)
DispatchTrackball(-1,802161,2,-4.0,-2.0,0.0,0.0,0,1.0,1.0,0,0)
DispatchTrackball(-1,802165,2,-5.0,-3.0,0.0,0.0,0,1.0,1.0,0,0)
DispatchTrackball(-1,802168,2,4.0,2.0,0.0,0.0,0,1.0,1.0,0,0)
DispatchTrackball(-1,802174,2,0.0,-5.0,0.0,0.0,0,1.0,1.0,0,0)
DispatchTrackball(-1,802180,2,1.0,-4.0,0.0,0.0,0,1.0,1.0,0,0)
DispatchTrackball(-1,802186,2,3.0,-5.0,0.0,0.0,0,1.0,1.0,0,0)
DispatchTrackball(-1,802188,2,2.0,-3.0,0.0,0.0,0,1.0,1.0,0,0)
DispatchTrackball(-1,802194,2,3.0,-3.0,0.0,0.0,0,1.0,1.0,0,0)
DispatchTrackball(-1,802197,2,-3.0,1.0,0.0,0.0,0,1.0,1.0,0,0)
DispatchTrackball(-1,802201,2,3.0,4.0,0.0,0.0,0,1.0,1.0,0,0)
DispatchTrackball(-1,802209,2,-5.0,-3.0,0.0,0.0,0,1.0,1.0,0,0)
DispatchTrackball(-1,802212,2,-4.0,0.0,0.0,0.0,0,1.0,1.0,0,0)
DispatchTrackball(-1,802215,2,0.0,2.0,0.0,0.0,0,1.0,1.0,0,0)
DispatchKey(802219,802219,0,19,0,0,-1,0)
DispatchKey(802457,802457,1,19,0,0,-1,0)
DispatchKey(802499,802499,0,19,0,0,-1,0)
DispatchKey(802531,802531,1,19,0,0,-1,0)
DispatchKey(802552,802552,0,106,0,0,-1,0)
DispatchKey(802562,802562,1,106,0,0,-1,0)
DispatchKey(802627,802627,0,20,0,0,-1,0)
DispatchKey(802650,802650,1,20,0,0,-1,0)
DispatchPointer(803969,803969,0,299.0,85.0,0.0,0.0,0,1.0,1.0,0,0)
DispatchPointer(803969,803981,1,304.67905,96.856575,0.0,0.0,0,1.0,1.0,0,0)
DispatchPointer(803989,803993,0,254.0,506.0,0.0,0.0,0,1.0,1.0,0,0)
DispatchPointer(803989,804004,2,267.68542,507.91312,0.0,0.0,0,1.0,1.0,0,0)
DispatchPointer(803989,804007,1,276.54797,519.12616,0.0,0.0,0,1.0,1.0,0,0)
DispatchTrackball(-1,804043,2,3.0,-2.0,0.0,0.0,0,1.0,1.0,0,0)
DispatchTrackball(-1,804061,2,-2.0,1.0,0.0,0.0,0,1.0,1.0,0,0)
DispatchTrackball(-1,804064,2,4.0,1.0,0.0,0.0,0,1.0,1.0,0,0)
DispatchTrackball(-1,804067,2,-3.0,3.0,0.0,0.0,0,1.0,1.0,0,0)
DispatchTrackball(-1,804075,2,-3.0,2.0,0.0,0.0,0,1.0,1.0,0,0)
DispatchTrackball(-1,804081,2,-2.0,-2.0,0.0,0.0,0,1.0,1.0,0,0)
DispatchTrackball(-1,804090,2,2.0,1.0,0.0,0.0,0,1.0,1.0,0,0)
DispatchTrackball(-1,804095,2,-3.0,-4.0,0.0,0.0,0,1.0,1.0,0,0)
DispatchTrackball(-1,804099,2,0.0,-5.0,0.0,0.0,0,1.0,1.0,0,0)
DispatchTrackball(-1,804118,2,4.0,3.0,0.0,0.0,0,1.0,1.0,0,0)
DispatchKey(804130,804130,0,221,0,0,-1,0)
DispatchKey(804198,804198,1,221,0,0,-1,0)
DispatchPointer(804264,804264,0,180.0,354.0,0.0,0.0,0,1.0,1.0,0,0)
DispatchPointer(804264,804283,1,178.88594,353.0654,0.0,0.0,0,1.0,1.0,0,0)
DispatchKey(804339,804339,0,23,0,0,-1,0)
DispatchKey(804769,804769,1,23,0,0,-1,0)
DispatchKey(804796,804796,0,76,0,0,-1,0)
DispatchKey(804815,804815,1,76,0,0,-1,0)
DispatchPointer(804908,804908,0,193.0,243.0,0.0,0.0,0,1.0,1.0,0,0)
DispatchPointer(804908,804936,1,192.95938,229.81885,0.0,0.0,0,1.0,1.0,0,0)
DispatchPointer(804943,804943,0,193.0,397.0,0.0,0.0,0,1.0,1.0,0,0)
DispatchPointer(804943,804946,2,190.26488,393.29187,0.0,0.0,0,1.0,1.0,0,0)
DispatchPointer(804943,804949,2,185.32425,372.81116,0.0,0.0,0,1.0,1.0,0,0)
DispatchPointer(804943,804963,2,184.83278,368.91678,0.0,0.0,0,1.0,1.0,0,0)
