type= raw events
count= -1
speed= 1.0
start data >>
LaunchActivity(com.autostart,com.autostart.AutoStartActivity)
DispatchPointer(655510,655513,0,101.0,349.0,0.0,0.0,0,1.0,1.0,0,0)
DispatchPointer(655510,655536,261,91.7083,349.93915,0.0,0.0,0,1.0,1.0,0,0)
DispatchPointer(655510,655561,2,87.65756,349.9945,0.0,0.0,0,1.0,1.0,0,0)
DispatchPointer(655510,655564,2,82.097534,350.59708,0.0,0.0,0,1.0,1.0,0,0)
DispatchPointer(655510,655580,2,71.79147,353.23288,0.0,0.0,0,1.0,1.0,0,0)
DispatchPointer(655510,655589,2,71.27527,355.71906,0.0,0.0,0,1.0,1.0,0,0)
DispatchPointer(655510,655622,2,63.243965,358.82874,0.0,0.0,0,1.0,1.0,0,0)
DispatchPointer(655510,655663,2,56.12241,360.6269,0.0,0.0,0,1.0,1.0,0,0)
DispatchPointer(655510,655667,262,48.68871,362.6377,0.0,0.0,0,1.0,1.0,0,0)
DispatchPointer(655510,655693,1,39.177547,364.06485,0.0,0.0,0,1.0,1.0,0,0)
DispatchKey(655706,655706,0,22,0,0,-1,0)
DispatchKey(655918,655918,1,22,0,0,-1,0)
DispatchKey(656134,656134,0,23,0,0,-1,0)
DispatchKey(656191,656191,1,23,0,0,-1,0)
DispatchKey(656295,656295,0,23,0,0,-1,0)
DispatchKey(656397,656397,1,23,0,0,-1,0)
DispatchKey(656447,656447,0,23,0,0,-1,0)
DispatchKey(656479,656479,1,23,0,0,-1,0)
DispatchPointer(656511,656511,0,30.0,305.0,0.0,0.0,0,1.0,1.0,0,0)
DispatchPointer(656511,656515,2,44.806072,298.07904,0.0,0.0,0,1.0,1.0,0,0)
DispatchPointer(656511,656529,2,57.214584,289.58542,0.0,0.0,0,1.0,1.0,0,0)
DispatchPointer(656511,656541,1,70.28076,288.65747,0.0,0.0,0,1.0,1.0,0,0)
DispatchTrackball(-1,656545,2,-1.0,-3.0,0.0,0.0,0,1.0,1.0,0,0)
DispatchTrackball(-1,656549,2,-3.0,-2.0,0.0,0.0,0,1.0,1.0,0,0)
DispatchTrackball(-1,656556,2,-5.0,3.0,0.0,0.0,0,1.0,1.0,0,0)
DispatchTrackball(-1,656559,2,2.0,-4.0,0.0,0.0,0,1.0,1.0,0,0)
DispatchTrackball(-1,656571,2,-2.0,-1.0,0.0,0.0,0,1.0,1.0,0,0)
DispatchTrackball(-1,656574,2,-4.0,-1.0,0.0,0.0,0,1.0,1.0,0,0)
DispatchTrackball(-1,656577,2,-2.0,1.0,0.0,0.0,0,1.0,1.0,0,0)
DispatchTrackball(-1,656588,2,-3.0,2.0,0.0,0.0,0,1.0,1.0,0,0)
DispatchTrackball(-1,656592,2,3.0,-4.0,0.0,0.0,0,1.0,1.0,0,0)
DispatchTrackball(-1,656595,2,3.0,3.0,0.0,0.0,0,1.0,1.0,0,0)
DispatchKey(656598,656598,0,19,0,0,-1,0)
DispatchKey(656794,656794,1,19,0,0,-1,0)
DispatchKey(656842,656842,0,82,0,0,-1,0)
DispatchKey(656854,656854,1,82,0,0,-1,0)
DispatchKey(656883,656883,0,82,0,0,-1,0)
DispatchKey(656966,656966,1,82,0,0,-1,0)
DispatchKey(656999,656999,0,82,0,0,-1,0)
DispatchKey(657021,657021,1,82,0,0,-1,0)
DispatchKey(657056,657056,0,20,0,0,-1,0)
DispatchKey(657111,657111,1,20,0,0,-1,0)
DispatchPointer(657142,657142,0,31.0,163.0,0.0,0.0,0,1.0,1.0,0,0)
DispatchPointer(657142,657164,1,37.998085,147.88249,0.0,0.0,0,1.0,1.0,0,0)
DispatchKey(657196,657196,0,23,0,0,-1,0)
DispatchKey(657209,657209,1,23,0,0,-1,0)
DispatchPointer(657218,657219,0,145.0,481.0,0.0,0.0,0,1.0,1.0,0,0)
DispatchPointer(657218,657270,2,126.83069,493.82706,0.0,0.0,0,1.0,1.0,0,0)
DispatchPointer(657218,657273,2,121.31093,510.66568,0.0,0.0,0,1.0,1.0,0,0)
DispatchPointer(657218,657283,2,102.47102,525.3135,0.0,0.0,0,1.0,1.0,0,0)
DispatchPointer(657218,657286,2,85.70465,529.5706,0.0,0.0,0,1.0,1.0,0,0)
DispatchPointer(657218,657305,2,71.27092,539.71515,0.0,0.0,0,1.0,1.0,0,0)
DispatchPointer(657218,657311,2,57.61398,556.79346,0.0,0.0,0,1.0,1.0,0,0)
DispatchPointer(657218,657314,2,41.368603,573.0299,0.0,0.0,0,1.0,1.0,0,0)
DispatchPointer(657218,657317,2,24.453627,580.96277,0.0,0.0,0,1.0,1.0,0,0)
DispatchPointer(657218,657333,1,5.256056,596.28204,0.0,0.0,0,1.0,1.0,0,0)
DispatchKey(657348,657348,0,20,0,0,-1,0)
DispatchKey(657365,657365,1,20,0,0,-1,0)
DispatchTrackball(-1,657794,2,-5.0,-3.0,0.0,0.0,0,1.0,1.0,0,0)
DispatchTrackball(-1,657818,2,0.0,1.0,0.0,0.0,0,1.0,1.0,0,0)
DispatchTrackball(-1,657829,2,1.0,-3.0,0.0,0.0,0,1.0,1.0,0,0)
DispatchTrackball(-1,657864,2,-5.0,4.0,0.0,0.0,0,1.0,1.0,0,0)
DispatchTrackball(-1,657869,2,-4.0,0.0,0.0,0.0,0,1.0,1.0,0,0)
DispatchTrackball(-1,657883,2,3.0,2.0,0.0,0.0,0,1.0,1.0,0,0)
DispatchTrackball(-1,657893,2,-3.0,1.0,0.0,0.0,0,1.0,1.0,0,0)
DispatchTrackball(-1,657895,2,-1.0,4.0,0.0,0.0,0,1.0,1.0,0,0)
DispatchTrackball(-1,657898,2,-5.0,2.0,0.0,0.0,0,1.0,1.0,0,0)
DispatchTrackball(-1,657904,2,1.0,-4.0,0.0,0.0,0,1.0,1.0,0,0)
DispatchTrackball(657794,657913,0,0.0,0.0,0.0,0.0,0,1.0,1.0,0,0)
DispatchTrackball(657794,657920,1,0.0,0.0,0.0,0.0,0,1.0,1.0,0,0)
DispatchKey(657924,657924,0,3,0,0,-1,0)
DispatchKey(657959,657959,1,3,0,0,-1,0)
DispatchTrackball(-1,658054,2,3.0,-2.0,0.0,0.0,0,1.0,1.0,0,0)
DispatchTrackball(-1,658100,2,-5.0,-1.0,0.0,0.0,0,1.0,1.0,0,0)
DispatchTrackball(-1,658104,2,-3.0,1.0,0.0,0.0,0,1.0,1.0,0,0)
DispatchTrackball(-1,658107,2,-1.0,0.0,0.0,0.0,0,1.0,1.0,0,0)
DispatchTrackball(-1,658111,2,0.0,-2.0,0.0,0.0,0,1.0,1.0,0,0)
DispatchTrackball(-1,658119,2,-2.0,2.0,0.0,0.0,0,1.0,1.0,0,0)
DispatchTrackball(-1,658130,2,4.0,3.0,0.0,0.0,0,1.0,1.0,0,0)
DispatchTrackball(-1,658157,2,3.0,-3.0,0.0,0.0,0,1.0,1.0,0,0)
DispatchTrackball(-1,658159,2,0.0,1.0,0.0,0.0,0,1.0,1.0,0,0)
DispatchTrackball(-1,658168,2,-1.0,2.0,0.0,0.0,0,1.0,1.0,0,0)
DispatchKey(658173,658173,0,19,0,0,-1,0)
DispatchKey(658253,658253,1,19,0,0,-1,0)
DispatchKey(658308,658308,0,111,0,0,-1,0)
DispatchKey(658348,658348,1,111,0,0,-1,0)
DispatchKey(658409,658409,0,22,0,0,-1,0)
DispatchKey(658465,658465,0,82,0,0,-1,0)
DispatchKey(658481,658481,1,82,0,0,-1,0)
DispatchTrackball(-1,658503,2,3.0,3.0,0.0,0.0,0,1.0,1.0,0,0)
DispatchTrackball(-1,658525,2,-2.0,0.0,0.0,0.0,0,1.0,1.0,0,0)
DispatchTrackball(-1,658529,2,-2.0,-2.0,0.0,0.0,0,1.0,1.0,0,0)
DispatchTrackball(-1,658532,2,4.0,1.0,0.0,0.0,0,1.0,1.0,0,0)
DispatchTrackball(-1,658536,2,4.0,1.0,0.0,0.0,0,1.0,1.0,0,0)
DispatchTrackball(-1,658539,2,3.0,-5.0,0.0,0.0,0,1.0,1.0,0,0)
DispatchTrackball(-1,658563,2,3.0,2.0,0.0,0.0,0,1.0,1.0,0,0)
DispatchTrackball(-1,658569,2,-1.0,3.0,0.0,0.0,0,1.0,1.0,0,0)
DispatchTrackball(-1,658581,2,3.0,4.0,0.0,0.0,0,1.0,1.0,0,0)
DispatchTrackball(-1,658597,2,1.0,-5.0,0.0,0.0,0,1.0,1.0,0,0)
DispatchTrackball(-1,658615,2,-4.0,0.0,0.0,0.0,0,1.0,1.0,0,0)
DispatchTrackball(-1,658628,2,-4.0,-3.0,0.0,0.0,0,1.0,1.0,0,0)
DispatchTrackball(-1,658643,2,-3.0,-1.0,0.0,0.0,0,1.0,1.0,0,0)
DispatchTrackball(-1,658647,2,-4.0,0.0,0.0,0.0,0,1.0,1.0,0,0)
DispatchTrackball(-1,658649,2,3.0,0.0,0.0,0.0,0,1.0,1.0,0,0)
DispatchTrackball(-1,658666,2,1.0,3.0,0.0,0.0,0,1.0,1.0,0,0)
DispatchTrackball(-1,658669,2,-3.0,-4.0,0.0,0.0,0,1.0,1.0,0,0)
DispatchTrackball(-1,658691,2,-2.0,2.0,0.0,0.0,0,1.0,1.0,0,0)
DispatchTrackball(-1,658708,2,0.0,-4.0,0.0,0.0,0,1.0,1.0,0,0)
DispatchTrackball(-1,658713,2,0.0,2.0,0.0,0.0,0,1.0,1.0,0,0)
DispatchKey(658719,658719,0,201,0,0,-1,0)
DispatchKey(658812,658812,1,201,0,0,-1,0)
DispatchKey(658885,658885,0,19,0,0,-1,0)
DispatchKey(658914,658914,1,19,0,0,-1,0)
DispatchKey(659165,659165,0,19,0,0,-1,0)
DispatchKey(659282,659282,1,19,0,0,-1,0)
DispatchKey(659543,659543,0,205,0,0,-1,0)
DispatchKey(659566,659566,1,205,0,0,-1,0)
DispatchPointer(659605,659605,0,208.0,188.0,0.0,0.0,0,1.0,1.0,0,0)
DispatchPointer(659605,659613,2,208.77597,186.46225,0.0,0.0,0,1.0,1.0,0,0)
DispatchPointer(659605,659616,2,211.16501,186.37175,0.0,0.0,0,1.0,1.0,0,0)
DispatchPointer(659605,659622,2,220.17831,185.09346,0.0,0.0,0,1.0,1.0,0,0)
DispatchPointer(659605,659624,2,226.37129,184.34521,0.0,0.0,0,1.0,1.0,0,0)
DispatchPointer(659605,659627,2,234.97554,182.37325,0.0,0.0,0,1.0,1.0,0,0)
DispatchPointer(659605,659642,2,243.17912,178.22478,0.0,0.0,0,1.0,1.0,0,0)
DispatchPointer(659605,659649,2,244.65623,176.14444,0.0,0.0,0,1.0,1.0,0,0)
DispatchPointer(659605,659654,1,247.38103,173.7853,0.0,0.0,0,1.0,1.0,0,0)
DispatchKey(659661,659661,0,82,0,0,-1,0)
DispatchKey(659814,659814,1,82,0,0,-1,0)
DispatchPointer(659915,659915,0,288.0,367.0,0.0,0.0,0,1.0,1.0,0,0)
DispatchPointer(659915,659930,2,268.424,359.54718,0.0,0.0,0,1.0,1.0,0,0)
DispatchPointer(659915,659943,2,264.3103,341.5458,0.0,0.0,0,1.0,1.0,0,0)
DispatchPointer(659915,659946,1,251.5963,320.71817,0.0,0.0,0,1.0,1.0,0,0)
DispatchPointer(659954,659954,0,255.0,134.0,0.0,0.0,0,1.0,1.0,0,0)
DispatchPointer(659954,659962,2,254.75491,129.8436,0.0,0.0,0,1.0,1.0,0,0)
DispatchPointer(659954,659967,2,252.69774,125.63298,0.0,0.0,0,1.0,1.0,0,0)
DispatchPointer(659954,659969,2,251.5071,120.46005,0.0,0.0,0,1.0,1.0,0,0)
DispatchPointer(659954,659983,2,250.65732,117.99159,0.0,0.0,0,1.0,1.0,0,0)
DispatchPointer(659954,659986,1,249.64146,111.91563,0.0,0.0,0,1.0,1.0,0,0)
DispatchTrackball(-1,660007,2,4.0,3.0,0.0,0.0,0,1.0,1.0,0,0)
DispatchTrackball(-1,660013,2,-1.0,2.0,0.0,0.0,0,1.0,1.0,0,0)
DispatchTrackball(-1,660015,2,3.0,3.0,0.0,0.0,0,1.0,1.0,0,0)
DispatchTrackball(-1,660021,2,2.0,-5.0,0.0,0.0,0,1.0,1.0,0,0)
DispatchTrackball(-1,660024,2,3.0,-2.0,0.0,0.0,0,1.0,1.0,0,0)
DispatchTrackball(-1,660027,2,-5.0,3.0,0.0,0.0,0,1.0,1.0,0,0)
DispatchTrackball(-1,660029,2,-3.0,0.0,0.0,0.0,0,1.0,1.0,0,0)
DispatchTrackball(-1,660034,2,3.0,2.0,0.0,0.0,0,1.0,1.0,0,0)
DispatchTrackball(-1,660036,2,2.0,2.0,0.0,0.0,0,1.0,1.0,0,0)
DispatchTrackball(-1,660039,2,1.0,3.0,0.0,0.0,0,1.0,1.0,0,0)
DispatchPointer(660045,660045,0,160.0,331.0,0.0,0.0,0,1.0,1.0,0,0)
DispatchPointer(660045,660052,1,171.8302,333.35596,0.0,0.0,0,1.0,1.0,0,0)
DispatchKey(660058,660058,0,82,0,0,-1,0)
DispatchKey(660092,660092,1,82,0,0,-1,0)
DispatchPointer(660146,660146,0,42.0,148.0,0.0,0.0,0,1.0,1.0,0,0)
DispatchPointer(660146,660153,1,53.09381,145.74829,0.0,0.0,0,1.0,1.0,0,0)
DispatchKey(660157,660157,0,75,0,0,-1,0)
DispatchKey(660184,660184,1,75,0,0,-1,0)
DispatchPointer(660211,660211,0,294.0,538.0,0.0,0.0,0,1.0,1.0,0,0)
DispatchPointer(660211,660224,2,309.2757,518.89136,0.0,0.0,0,1.0,1.0,0,0)
DispatchPointer(660211,660241,2,313.99213,510.9195,0.0,0.0,0,1.0,1.0,0,0)
DispatchPointer(660211,660244,2,315.97375,506.3767,0.0,0.0,0,1.0,1.0,0,0)
DispatchPointer(660211,660247,2,320.0,502.9302,0.0,0.0,0,1.0,1.0,0,0)
