type= raw events
count= -1
speed= 1.0
start data >>
LaunchActivity(com.autostart,com.autostart.AutoStartActivity)
DispatchKey(188108,188108,0,22,0,0,-1,0)
DispatchKey(189825,189825,1,22,0,0,-1,0)
DispatchKey(190028,190028,0,22,0,0,-1,0)
DispatchKey(190492,190492,1,22,0,0,-1,0)
DispatchKey(190560,190560,0,163,0,0,-1,0)
DispatchKey(190570,190570,1,163,0,0,-1,0)
DispatchPointer(190625,190630,0,246.0,160.0,0.0,0.0,0,1.0,1.0,0,0)
DispatchPointer(190625,190654,2,249.47919,158.72939,0.0,0.0,0,1.0,1.0,0,0)
DispatchPointer(190625,190660,2,253.72997,151.30408,0.0,0.0,0,1.0,1.0,0,0)
DispatchPointer(190625,190674,2,259.1541,140.64146,0.0,0.0,0,1.0,1.0,0,0)
DispatchPointer(190625,190681,2,259.50693,136.53061,0.0,0.0,0,1.0,1.0,0,0)
DispatchPointer(190625,190688,2,261.0191,135.84523,0.0,0.0,0,1.0,1.0,0,0)
DispatchPointer(190625,190694,2,264.42496,123.37856,0.0,0.0,0,1.0,1.0,0,0)
DispatchPointer(190625,190699,2,265.57178,118.76617,0.0,0.0,0,1.0,1.0,0,0)
DispatchPointer(190625,190708,2,272.02866,96.021805,0.0,0.0,0,1.0,1.0,0,0)
DispatchPointer(190625,190714,1,275.7205,82.649826,0.0,0.0,0,1.0,1.0,0,0)
GUIGen(8)
DispatchPointer(212590,212590,0,103.0,579.0,0.0,0.0,0,1.0,1.0,0,0)
DispatchPointer(212590,212594,261,107.39252,580.96124,0.0,0.0,0,1.0,1.0,0,0)
DispatchPointer(212590,212597,2,109.33359,582.89496,0.0,0.0,0,1.0,1.0,0,0)
DispatchPointer(212590,212606,2,125.17671,583.01465,0.0,0.0,0,1.0,1.0,0,0)
DispatchPointer(212590,212609,2,134.13931,583.12836,0.0,0.0,0,1.0,1.0,0,0)
DispatchPointer(212590,212615,2,149.23195,583.5007,0.0,0.0,0,1.0,1.0,0,0)
DispatchPointer(212590,212619,2,156.77095,585.80475,0.0,0.0,0,1.0,1.0,0,0)
DispatchPointer(212590,212628,2,163.11478,587.8056,0.0,0.0,0,1.0,1.0,0,0)
DispatchPointer(212590,212632,2,173.5227,589.5748,0.0,0.0,0,1.0,1.0,0,0)
DispatchPointer(212590,212636,2,178.02074,592.34375,0.0,0.0,0,1.0,1.0,0,0)
DispatchPointer(212590,212638,262,200.17067,595.06757,0.0,0.0,0,1.0,1.0,0,0)
DispatchPointer(212590,212643,1,217.62706,598.0679,0.0,0.0,0,1.0,1.0,0,0)
DispatchKey(212646,212646,0,82,0,0,-1,0)
DispatchKey(212686,212686,1,82,0,0,-1,0)
DispatchPointer(212695,212695,0,24.0,415.0,0.0,0.0,0,1.0,1.0,0,0)
DispatchPointer(212695,212699,2,24.576057,415.57104,0.0,0.0,0,1.0,1.0,0,0)
DispatchPointer(212695,212712,2,29.59446,430.73837,0.0,0.0,0,1.0,1.0,0,0)
DispatchPointer(212695,212714,2,34.398476,446.44797,0.0,0.0,0,1.0,1.0,0,0)
DispatchPointer(212695,212717,2,34.872803,461.69586,0.0,0.0,0,1.0,1.0,0,0)
DispatchPointer(212695,212720,2,37.322025,482.98077,0.0,0.0,0,1.0,1.0,0,0)
DispatchPointer(212695,212728,2,42.116898,496.1998,0.0,0.0,0,1.0,1.0,0,0)
DispatchPointer(212695,212732,1,47.194935,506.2696,0.0,0.0,0,1.0,1.0,0,0)
DispatchTrackball(-1,212741,2,1.0,0.0,0.0,0.0,0,1.0,1.0,0,0)
DispatchTrackball(-1,212754,2,-3.0,-4.0,0.0,0.0,0,1.0,1.0,0,0)
DispatchTrackball(-1,212757,2,-4.0,1.0,0.0,0.0,0,1.0,1.0,0,0)
DispatchTrackball(-1,212760,2,-3.0,0.0,0.0,0.0,0,1.0,1.0,0,0)
DispatchTrackball(-1,212764,2,-4.0,-5.0,0.0,0.0,0,1.0,1.0,0,0)
DispatchTrackball(-1,212771,2,2.0,-2.0,0.0,0.0,0,1.0,1.0,0,0)
