type= raw events
count= -1
speed= 1.0
start data >>
DispatchPointer(456878,456879,0,101.0,161.0,0.0,0.0,0,1.0,1.0,0,0)
DispatchPointer(456878,457011,1,103.92029,161.0259,0.0,0.0,0,1.0,1.0,0,0)
DispatchPointer(457030,457030,0,129.0,72.0,0.0,0.0,0,1.0,1.0,0,0)
DispatchPointer(457030,457044,1,144.81247,61.628716,0.0,0.0,0,1.0,1.0,0,0)
DispatchTrackball(-1,457132,2,1.0,4.0,0.0,0.0,0,1.0,1.0,0,0)
DispatchTrackball(-1,458234,2,2.0,-3.0,0.0,0.0,0,1.0,1.0,0,0)
DispatchTrackball(-1,458253,2,3.0,-3.0,0.0,0.0,0,1.0,1.0,0,0)
DispatchTrackball(-1,458258,2,1.0,-5.0,0.0,0.0,0,1.0,1.0,0,0)
DispatchTrackball(-1,458285,2,-5.0,-2.0,0.0,0.0,0,1.0,1.0,0,0)
DispatchTrackball(-1,458294,2,-1.0,-2.0,0.0,0.0,0,1.0,1.0,0,0)
DispatchTrackball(-1,458313,2,-4.0,-2.0,0.0,0.0,0,1.0,1.0,0,0)
DispatchTrackball(-1,458325,2,-4.0,-4.0,0.0,0.0,0,1.0,1.0,0,0)
DispatchTrackball(-1,458341,2,2.0,4.0,0.0,0.0,0,1.0,1.0,0,0)
DispatchTrackball(-1,458350,2,3.0,0.0,0.0,0.0,0,1.0,1.0,0,0)
DispatchKey(458365,458365,0,23,0,0,-1,0)
DispatchKey(458414,458414,1,23,0,0,-1,0)
DispatchPointer(458896,458897,0,132.0,105.0,0.0,0.0,0,1.0,1.0,0,0)
DispatchPointer(458896,458924,1,141.18895,95.74184,0.0,0.0,0,1.0,1.0,0,0)
DispatchTrackball(-1,458942,2,0.0,-4.0,0.0,0.0,0,1.0,1.0,0,0)
DispatchTrackball(-1,458957,2,-4.0,-1.0,0.0,0.0,0,1.0,1.0,0,0)
DispatchTrackball(-1,458966,2,-2.0,-1.0,0.0,0.0,0,1.0,1.0,0,0)
DispatchTrackball(-1,458979,2,1.0,0.0,0.0,0.0,0,1.0,1.0,0,0)
DispatchTrackball(-1,458998,2,0.0,-4.0,0.0,0.0,0,1.0,1.0,0,0)
DispatchTrackball(-1,459004,2,2.0,4.0,0.0,0.0,0,1.0,1.0,0,0)
DispatchTrackball(-1,459008,2,3.0,-1.0,0.0,0.0,0,1.0,1.0,0,0)
DispatchTrackball(-1,459021,2,-2.0,-5.0,0.0,0.0,0,1.0,1.0,0,0)
DispatchTrackball(-1,459053,2,1.0,-5.0,0.0,0.0,0,1.0,1.0,0,0)
DispatchTrackball(-1,459075,2,-4.0,2.0,0.0,0.0,0,1.0,1.0,0,0)
DispatchTrackball(-1,459084,2,-5.0,-5.0,0.0,0.0,0,1.0,1.0,0,0)
DispatchTrackball(-1,459096,2,-5.0,-2.0,0.0,0.0,0,1.0,1.0,0,0)
DispatchTrackball(-1,459104,2,-2.0,-5.0,0.0,0.0,0,1.0,1.0,0,0)
DispatchTrackball(-1,459111,2,-1.0,-2.0,0.0,0.0,0,1.0,1.0,0,0)
DispatchTrackball(-1,459115,2,-4.0,-4.0,0.0,0.0,0,1.0,1.0,0,0)
DispatchTrackball(-1,459125,2,-1.0,1.0,0.0,0.0,0,1.0,1.0,0,0)
DispatchTrackball(-1,459129,2,4.0,0.0,0.0,0.0,0,1.0,1.0,0,0)
DispatchTrackball(-1,459134,2,-2.0,0.0,0.0,0.0,0,1.0,1.0,0,0)
DispatchTrackball(-1,459150,2,0.0,-1.0,0.0,0.0,0,1.0,1.0,0,0)
DispatchTrackball(-1,459164,2,-5.0,0.0,0.0,0.0,0,1.0,1.0,0,0)
DispatchKey(459171,459171,0,23,0,0,-1,0)
DispatchKey(459271,459271,1,23,0,0,-1,0)
DispatchKey(459277,459277,0,21,0,0,-1,0)
DispatchKey(459302,459302,1,21,0,0,-1,0)
DispatchPointer(459541,459541,0,206.0,511.0,0.0,0.0,0,1.0,1.0,0,0)
DispatchPointer(459541,459547,2,212.54373,520.4114,0.0,0.0,0,1.0,1.0,0,0)
DispatchPointer(459541,459567,2,214.67513,534.51654,0.0,0.0,0,1.0,1.0,0,0)
DispatchPointer(459541,459597,2,222.56155,542.99945,0.0,0.0,0,1.0,1.0,0,0)
DispatchPointer(459541,459623,2,226.00052,554.8718,0.0,0.0,0,1.0,1.0,0,0)
DispatchPointer(459541,459633,2,234.90802,559.8248,0.0,0.0,0,1.0,1.0,0,0)
DispatchPointer(459541,459645,2,246.46576,565.4142,0.0,0.0,0,1.0,1.0,0,0)
DispatchPointer(459541,459651,1,257.8712,575.04456,0.0,0.0,0,1.0,1.0,0,0)
DispatchKey(459668,459668,0,82,0,0,-1,0)
DispatchKey(459852,459852,1,82,0,0,-1,0)
DispatchPointer(459915,459916,0,85.0,84.0,0.0,0.0,0,1.0,1.0,0,0)
DispatchPointer(459915,459931,2,79.85851,83.04835,0.0,0.0,0,1.0,1.0,0,0)
DispatchPointer(459915,459945,1,71.916046,80.20525,0.0,0.0,0,1.0,1.0,0,0)
DispatchKey(459955,459955,0,82,0,0,-1,0)
DispatchKey(460005,460005,1,82,0,0,-1,0)
DispatchTrackball(-1,460012,2,4.0,2.0,0.0,0.0,0,1.0,1.0,0,0)
DispatchTrackball(-1,460035,2,-1.0,-2.0,0.0,0.0,0,1.0,1.0,0,0)
DispatchTrackball(-1,460056,2,2.0,-1.0,0.0,0.0,0,1.0,1.0,0,0)
DispatchTrackball(-1,460064,2,-3.0,-1.0,0.0,0.0,0,1.0,1.0,0,0)
DispatchTrackball(-1,460080,2,-5.0,-3.0,0.0,0.0,0,1.0,1.0,0,0)
DispatchTrackball(-1,460095,2,1.0,-1.0,0.0,0.0,0,1.0,1.0,0,0)
DispatchTrackball(-1,460103,2,-4.0,1.0,0.0,0.0,0,1.0,1.0,0,0)
DispatchTrackball(-1,460105,2,-5.0,2.0,0.0,0.0,0,1.0,1.0,0,0)
DispatchTrackball(-1,460108,2,2.0,-1.0,0.0,0.0,0,1.0,1.0,0,0)
DispatchTrackball(-1,460112,2,0.0,0.0,0.0,0.0,0,1.0,1.0,0,0)
DispatchTrackball(-1,460115,2,3.0,-5.0,0.0,0.0,0,1.0,1.0,0,0)
DispatchTrackball(-1,460133,2,0.0,-2.0,0.0,0.0,0,1.0,1.0,0,0)
DispatchTrackball(-1,460141,2,-5.0,2.0,0.0,0.0,0,1.0,1.0,0,0)
DispatchTrackball(-1,460155,2,3.0,-1.0,0.0,0.0,0,1.0,1.0,0,0)
DispatchTrackball(-1,460165,2,1.0,-4.0,0.0,0.0,0,1.0,1.0,0,0)
DispatchTrackball(-1,460174,2,2.0,-5.0,0.0,0.0,0,1.0,1.0,0,0)
DispatchTrackball(-1,460178,2,-1.0,-4.0,0.0,0.0,0,1.0,1.0,0,0)
DispatchTrackball(-1,460189,2,0.0,-1.0,0.0,0.0,0,1.0,1.0,0,0)
DispatchTrackball(-1,460197,2,4.0,-5.0,0.0,0.0,0,1.0,1.0,0,0)
DispatchTrackball(-1,460212,2,3.0,2.0,0.0,0.0,0,1.0,1.0,0,0)
DispatchPointer(460246,460246,0,107.0,540.0,0.0,0.0,0,1.0,1.0,0,0)
DispatchPointer(460246,460259,1,100.28107,540.07495,0.0,0.0,0,1.0,1.0,0,0)
DispatchTrackball(-1,460276,2,1.0,4.0,0.0,0.0,0,1.0,1.0,0,0)
DispatchTrackball(-1,460287,2,-4.0,3.0,0.0,0.0,0,1.0,1.0,0,0)
DispatchTrackball(-1,460300,2,-4.0,-4.0,0.0,0.0,0,1.0,1.0,0,0)
DispatchTrackball(-1,460327,2,0.0,-2.0,0.0,0.0,0,1.0,1.0,0,0)
DispatchTrackball(-1,460344,2,-5.0,-5.0,0.0,0.0,0,1.0,1.0,0,0)
DispatchTrackball(-1,460349,2,2.0,-1.0,0.0,0.0,0,1.0,1.0,0,0)
DispatchTrackball(-1,460377,2,-1.0,-1.0,0.0,0.0,0,1.0,1.0,0,0)
DispatchTrackball(-1,460384,2,4.0,-5.0,0.0,0.0,0,1.0,1.0,0,0)
DispatchTrackball(-1,460392,2,2.0,-1.0,0.0,0.0,0,1.0,1.0,0,0)
DispatchTrackball(-1,460413,2,-2.0,-5.0,0.0,0.0,0,1.0,1.0,0,0)
DispatchTrackball(460276,460421,0,0.0,0.0,0.0,0.0,0,1.0,1.0,0,0)
DispatchTrackball(460276,460429,1,0.0,0.0,0.0,0.0,0,1.0,1.0,0,0)
DispatchKey(460448,460448,0,23,0,0,-1,0)
DispatchKey(460708,460708,1,23,0,0,-1,0)
DispatchKey(460737,460737,0,129,0,0,-1,0)
DispatchKey(460775,460775,1,129,0,0,-1,0)
DispatchPointer(460788,460788,0,256.0,265.0,0.0,0.0,0,1.0,1.0,0,0)
DispatchPointer(460788,460810,1,271.6094,265.9497,0.0,0.0,0,1.0,1.0,0,0)
DispatchKey(460838,460838,0,19,0,0,-1,0)
DispatchKey(460851,460851,1,19,0,0,-1,0)
DispatchPointer(460885,460885,0,206.0,216.0,0.0,0.0,0,1.0,1.0,0,0)
DispatchPointer(460885,460892,2,189.48386,216.4789,0.0,0.0,0,1.0,1.0,0,0)
DispatchPointer(460885,460904,2,168.40761,216.59064,0.0,0.0,0,1.0,1.0,0,0)
DispatchPointer(460885,460914,2,168.24757,216.94061,0.0,0.0,0,1.0,1.0,0,0)
DispatchPointer(460885,460976,2,151.37836,217.16747,0.0,0.0,0,1.0,1.0,0,0)
DispatchPointer(460885,460993,1,141.04576,217.70251,0.0,0.0,0,1.0,1.0,0,0)
DispatchTrackball(-1,461034,2,2.0,-3.0,0.0,0.0,0,1.0,1.0,0,0)
DispatchTrackball(-1,461078,2,3.0,-2.0,0.0,0.0,0,1.0,1.0,0,0)
DispatchTrackball(-1,461085,2,3.0,-2.0,0.0,0.0,0,1.0,1.0,0,0)
DispatchTrackball(-1,461120,2,-2.0,-5.0,0.0,0.0,0,1.0,1.0,0,0)
DispatchTrackball(-1,461134,2,-1.0,-5.0,0.0,0.0,0,1.0,1.0,0,0)
DispatchTrackball(-1,461151,2,1.0,-4.0,0.0,0.0,0,1.0,1.0,0,0)
DispatchTrackball(-1,461155,2,-2.0,2.0,0.0,0.0,0,1.0,1.0,0,0)
DispatchTrackball(-1,461158,2,-1.0,4.0,0.0,0.0,0,1.0,1.0,0,0)
DispatchTrackball(-1,461171,2,-4.0,2.0,0.0,0.0,0,1.0,1.0,0,0)
DispatchTrackball(-1,461178,2,0.0,1.0,0.0,0.0,0,1.0,1.0,0,0)
DispatchKey(461182,461182,0,22,0,0,-1,0)
