type= raw events
count= -1
speed= 1.0
start data >>
DispatchPointer(1202826,1202826,0,207.0,569.0,0.0,0.0,0,1.0,1.0,0,0)
DispatchPointer(1202826,1202910,1,187.363,561.3166,0.0,0.0,0,1.0,1.0,0,0)
DispatchKey(1202938,1202938,0,82,0,0,-1,0)
DispatchKey(1203788,1203788,1,82,0,0,-1,0)
DispatchKey(1203961,1203961,0,20,0,0,-1,0)
DispatchKey(1203974,1203974,1,20,0,0,-1,0)
DispatchKey(1204701,1204701,0,13,0,0,-1,0)
DispatchKey(1204721,1204721,1,13,0,0,-1,0)
DispatchKey(1204812,1204812,0,192,0,0,-1,0)
DispatchKey(1204833,1204833,1,192,0,0,-1,0)
DispatchKey(1205007,1205007,0,215,0,0,-1,0)
DispatchKey(1205029,1205029,1,215,0,0,-1,0)
DispatchPointer(1205324,1205327,0,229.0,197.0,0.0,0.0,0,1.0,1.0,0,0)
DispatchPointer(1205324,1205409,1,228.88258,186.36516,0.0,0.0,0,1.0,1.0,0,0)
DispatchKey(1205457,1205457,0,23,0,0,-1,0)
DispatchKey(1205482,1205482,1,23,0,0,-1,0)
DispatchPointer(1205745,1205745,0,278.0,167.0,0.0,0.0,0,1.0,1.0,0,0)
DispatchPointer(1205745,1205748,1,273.28268,148.73906,0.0,0.0,0,1.0,1.0,0,0)
DispatchKey(1205779,1205779,0,82,0,0,-1,0)
DispatchKey(1205802,1205802,1,82,0,0,-1,0)
DispatchKey(1205817,1205817,0,82,0,0,-1,0)
DispatchKey(1205897,1205897,1,82,0,0,-1,0)
DispatchPointer(1206585,1206585,0,110.0,120.0,0.0,0.0,0,1.0,1.0,0,0)
DispatchPointer(1206585,1206592,261,121.12721,121.417885,0.0,0.0,0,1.0,1.0,0,0)
DispatchPointer(1206585,1206597,262,132.99147,127.76619,0.0,0.0,0,1.0,1.0,0,0)
DispatchPointer(1206633,1206633,0,136.0,499.0,0.0,0.0,0,1.0,1.0,0,0)
DispatchPointer(1206633,1206657,1,136.00664,496.76593,0.0,0.0,0,1.0,1.0,0,0)
DispatchKey(1206670,1206670,0,82,0,0,-1,0)
DispatchKey(1206689,1206689,1,82,0,0,-1,0)
DispatchKey(1206932,1206932,0,72,0,0,-1,0)
DispatchKey(1206950,1206950,1,72,0,0,-1,0)
DispatchKey(1207017,1207017,0,19,0,0,-1,0)
DispatchKey(1207025,1207025,1,19,0,0,-1,0)
DispatchKey(1207059,1207059,0,21,0,0,-1,0)
DispatchKey(1207064,1207064,1,21,0,0,-1,0)
DispatchPointer(1207087,1207087,0,278.0,566.0,0.0,0.0,0,1.0,1.0,0,0)
DispatchPointer(1207087,1207094,2,274.23816,572.95355,0.0,0.0,0,1.0,1.0,0,0)
DispatchPointer(1207087,1207097,2,256.00696,579.5352,0.0,0.0,0,1.0,1.0,0,0)
DispatchPointer(1207087,1207102,1,251.4985,589.2544,0.0,0.0,0,1.0,1.0,0,0)
DispatchKey(1207112,1207112,0,219,0,0,-1,0)
DispatchKey(1207116,1207116,1,219,0,0,-1,0)
DispatchPointer(1207382,1207382,0,43.0,602.0,0.0,0.0,0,1.0,1.0,0,0)
DispatchPointer(1207382,1207391,1,43.093754,600.156,0.0,0.0,0,1.0,1.0,0,0)
DispatchKey(1207401,1207401,0,82,0,0,-1,0)
DispatchKey(1207405,1207405,1,82,0,0,-1,0)
DispatchTrackball(-1,1208139,2,4.0,0.0,0.0,0.0,0,1.0,1.0,0,0)
DispatchTrackball(-1,1208160,2,-2.0,2.0,0.0,0.0,0,1.0,1.0,0,0)
DispatchTrackball(-1,1208170,2,2.0,-1.0,0.0,0.0,0,1.0,1.0,0,0)
DispatchTrackball(-1,1208179,2,3.0,-3.0,0.0,0.0,0,1.0,1.0,0,0)
DispatchTrackball(-1,1208182,2,3.0,3.0,0.0,0.0,0,1.0,1.0,0,0)
DispatchTrackball(-1,1208186,2,-3.0,-2.0,0.0,0.0,0,1.0,1.0,0,0)
DispatchTrackball(-1,1208191,2,4.0,4.0,0.0,0.0,0,1.0,1.0,0,0)
DispatchTrackball(-1,1208194,2,3.0,3.0,0.0,0.0,0,1.0,1.0,0,0)
