type= raw events
count= -1
speed= 1.0
start data >>
LaunchActivity(com.autostart,com.autostart.AutoStartActivity)
DispatchKey(1544348,1544348,0,5,0,0,-1,0)
DispatchKey(1545265,1545265,1,5,0,0,-1,0)
DispatchTrackball(-1,1545366,2,0.0,0.0,0.0,0.0,0,1.0,1.0,0,0)
DispatchTrackball(-1,1545417,2,-2.0,-1.0,0.0,0.0,0,1.0,1.0,0,0)
DispatchTrackball(-1,1545430,2,-2.0,4.0,0.0,0.0,0,1.0,1.0,0,0)
DispatchTrackball(-1,1545438,2,1.0,2.0,0.0,0.0,0,1.0,1.0,0,0)
DispatchTrackball(-1,1545450,2,4.0,2.0,0.0,0.0,0,1.0,1.0,0,0)
DispatchTrackball(-1,1545467,2,-1.0,-5.0,0.0,0.0,0,1.0,1.0,0,0)
DispatchTrackball(-1,1545482,2,1.0,-2.0,0.0,0.0,0,1.0,1.0,0,0)
DispatchTrackball(-1,1545486,2,-4.0,-2.0,0.0,0.0,0,1.0,1.0,0,0)
DispatchTrackball(-1,1545490,2,3.0,-3.0,0.0,0.0,0,1.0,1.0,0,0)
DispatchTrackball(-1,1545496,2,1.0,-3.0,0.0,0.0,0,1.0,1.0,0,0)
DispatchKey(1545501,1545501,0,20,0,0,-1,0)
DispatchKey(1546162,1546162,1,20,0,0,-1,0)
DispatchKey(1546213,1546213,0,22,0,0,-1,0)
DispatchKey(1546225,1546225,1,22,0,0,-1,0)
DispatchKey(1546305,1546305,0,192,0,0,-1,0)
DispatchKey(1546324,1546324,1,192,0,0,-1,0)
DispatchKey(1546359,1546359,0,22,0,0,-1,0)
DispatchKey(1546391,1546391,1,22,0,0,-1,0)
DispatchPointer(1546672,1546673,0,260.0,589.0,0.0,0.0,0,1.0,1.0,0,0)
DispatchPointer(1546672,1546701,1,251.43134,594.64966,0.0,0.0,0,1.0,1.0,0,0)
DispatchKey(1546749,1546749,0,82,0,0,-1,0)
DispatchKey(1546771,1546771,1,82,0,0,-1,0)
LaunchActivity(com.autostart,com.autostart.AutoStartActivity)
DispatchKey(1546982,1546982,0,20,0,0,-1,0)
DispatchKey(1546995,1546995,1,20,0,0,-1,0)
DispatchPointer(1547078,1547078,0,294.0,628.0,0.0,0.0,0,1.0,1.0,0,0)
DispatchPointer(1547078,1547085,261,295.22153,640.0,0.0,0.0,0,1.0,1.0,0,0)
DispatchPointer(1547078,1547097,2,296.091,640.0,0.0,0.0,0,1.0,1.0,0,0)
DispatchPointer(1547078,1547106,2,297.0118,640.0,0.0,0.0,0,1.0,1.0,0,0)
DispatchPointer(1547078,1547111,2,297.57697,640.0,0.0,0.0,0,1.0,1.0,0,0)
DispatchPointer(1547078,1547116,2,298.68195,640.0,0.0,0.0,0,1.0,1.0,0,0)
DispatchPointer(1547078,1547129,2,299.61234,640.0,0.0,0.0,0,1.0,1.0,0,0)
DispatchPointer(1547078,1547143,2,300.4872,640.0,0.0,0.0,0,1.0,1.0,0,0)
DispatchPointer(1547078,1547148,262,300.52402,640.0,0.0,0.0,0,1.0,1.0,0,0)
DispatchPointer(1547078,1547180,1,302.52893,640.0,0.0,0.0,0,1.0,1.0,0,0)
DispatchKey(1547201,1547201,0,82,0,0,-1,0)
DispatchKey(1547338,1547338,1,82,0,0,-1,0)
DispatchKey(1547433,1547433,0,82,0,0,-1,0)
DispatchKey(1547537,1547537,1,82,0,0,-1,0)
DispatchKey(1547555,1547555,0,5,0,0,-1,0)
DispatchKey(1547611,1547611,1,5,0,0,-1,0)
DispatchKey(1547622,1547622,0,20,0,0,-1,0)
DispatchKey(1547655,1547655,1,20,0,0,-1,0)
DispatchPointer(1547684,1547684,0,220.0,59.0,0.0,0.0,0,1.0,1.0,0,0)
DispatchPointer(1547684,1547705,1,219.9662,59.491074,0.0,0.0,0,1.0,1.0,0,0)
DispatchKey(1547725,1547725,0,82,0,0,-1,0)
DispatchKey(1547935,1547935,1,82,0,0,-1,0)
DispatchKey(1547969,1547969,0,23,0,0,-1,0)
DispatchKey(1547982,1547982,1,23,0,0,-1,0)
DispatchPointer(1548005,1548005,0,298.0,513.0,0.0,0.0,0,1.0,1.0,0,0)
DispatchPointer(1548005,1548032,2,298.1818,515.38184,0.0,0.0,0,1.0,1.0,0,0)
DispatchPointer(1548005,1548035,2,307.49298,516.80725,0.0,0.0,0,1.0,1.0,0,0)
DispatchPointer(1548005,1548037,2,319.36603,518.90625,0.0,0.0,0,1.0,1.0,0,0)
DispatchPointer(1548005,1548043,1,320.0,521.0723,0.0,0.0,0,1.0,1.0,0,0)
DispatchPointer(1548052,1548053,0,234.0,404.0,0.0,0.0,0,1.0,1.0,0,0)
DispatchPointer(1548052,1548056,2,231.8606,402.1779,0.0,0.0,0,1.0,1.0,0,0)
DispatchPointer(1548052,1548059,2,223.3222,398.80823,0.0,0.0,0,1.0,1.0,0,0)
DispatchPointer(1548052,1548063,2,206.74223,388.15976,0.0,0.0,0,1.0,1.0,0,0)
DispatchPointer(1548052,1548068,2,190.92072,384.99017,0.0,0.0,0,1.0,1.0,0,0)
DispatchPointer(1548052,1548072,2,190.21718,383.07935,0.0,0.0,0,1.0,1.0,0,0)
DispatchPointer(1548052,1548076,2,178.44217,375.65244,0.0,0.0,0,1.0,1.0,0,0)
DispatchPointer(1548052,1548089,2,166.20834,365.52875,0.0,0.0,0,1.0,1.0,0,0)
DispatchPointer(1548052,1548095,1,150.63518,354.49365,0.0,0.0,0,1.0,1.0,0,0)
DispatchKey(1548107,1548107,0,23,0,0,-1,0)
DispatchKey(1548343,1548343,1,23,0,0,-1,0)
DispatchKey(1548353,1548353,0,19,0,0,-1,0)
DispatchKey(1548402,1548402,1,19,0,0,-1,0)
DispatchTrackball(-1,1548466,2,3.0,-2.0,0.0,0.0,0,1.0,1.0,0,0)
DispatchTrackball(-1,1548472,2,-5.0,3.0,0.0,0.0,0,1.0,1.0,0,0)
DispatchTrackball(-1,1548480,2,-4.0,-4.0,0.0,0.0,0,1.0,1.0,0,0)
DispatchTrackball(-1,1548489,2,3.0,1.0,0.0,0.0,0,1.0,1.0,0,0)
DispatchTrackball(-1,1548508,2,-4.0,2.0,0.0,0.0,0,1.0,1.0,0,0)
DispatchTrackball(-1,1548517,2,1.0,-3.0,0.0,0.0,0,1.0,1.0,0,0)
DispatchTrackball(-1,1548519,2,-4.0,-3.0,0.0,0.0,0,1.0,1.0,0,0)
DispatchTrackball(-1,1548549,2,0.0,4.0,0.0,0.0,0,1.0,1.0,0,0)
DispatchTrackball(-1,1548570,2,-5.0,3.0,0.0,0.0,0,1.0,1.0,0,0)
DispatchTrackball(-1,1548573,2,2.0,2.0,0.0,0.0,0,1.0,1.0,0,0)
DispatchKey(1548610,1548610,0,19,0,0,-1,0)
DispatchKey(1548669,1548669,1,19,0,0,-1,0)
DispatchKey(1548789,1548789,0,22,0,0,-1,0)
DispatchKey(1548814,1548814,1,22,0,0,-1,0)
DispatchPointer(1548863,1548863,0,279.0,47.0,0.0,0.0,0,1.0,1.0,0,0)
DispatchPointer(1548863,1548880,2,280.1631,48.069077,0.0,0.0,0,1.0,1.0,0,0)
DispatchPointer(1548863,1548895,2,281.37738,48.59746,0.0,0.0,0,1.0,1.0,0,0)
DispatchPointer(1548863,1548912,2,282.16086,49.08812,0.0,0.0,0,1.0,1.0,0,0)
DispatchPointer(1548863,1548915,2,283.9016,50.134182,0.0,0.0,0,1.0,1.0,0,0)
DispatchPointer(1548863,1548921,2,285.53137,50.49588,0.0,0.0,0,1.0,1.0,0,0)
DispatchPointer(1548863,1548935,2,286.6148,51.48474,0.0,0.0,0,1.0,1.0,0,0)
DispatchPointer(1548863,1548938,1,287.31662,52.328083,0.0,0.0,0,1.0,1.0,0,0)
DispatchPointer(1548946,1548946,0,245.0,272.0,0.0,0.0,0,1.0,1.0,0,0)
DispatchPointer(1548946,1548952,1,243.35333,278.1472,0.0,0.0,0,1.0,1.0,0,0)
DispatchPointer(1548958,1548958,0,62.0,24.0,0.0,0.0,0,1.0,1.0,0,0)
DispatchPointer(1548958,1548962,1,63.27498,6.3880177,0.0,0.0,0,1.0,1.0,0,0)
DispatchPointer(1548969,1548969,0,229.0,394.0,0.0,0.0,0,1.0,1.0,0,0)
DispatchPointer(1548969,1548982,1,228.37904,401.26328,0.0,0.0,0,1.0,1.0,0,0)
DispatchPointer(1548989,1548989,0,144.0,191.0,0.0,0.0,0,1.0,1.0,0,0)
DispatchPointer(1548989,1549028,1,141.02611,169.80212,0.0,0.0,0,1.0,1.0,0,0)
DispatchTrackball(-1,1549041,2,0.0,-2.0,0.0,0.0,0,1.0,1.0,0,0)
DispatchTrackball(-1,1549047,2,-5.0,4.0,0.0,0.0,0,1.0,1.0,0,0)
DispatchTrackball(-1,1549052,2,-1.0,2.0,0.0,0.0,0,1.0,1.0,0,0)
DispatchTrackball(-1,1549061,2,-3.0,1.0,0.0,0.0,0,1.0,1.0,0,0)
DispatchTrackball(-1,1549069,2,4.0,-4.0,0.0,0.0,0,1.0,1.0,0,0)
DispatchTrackball(-1,1549080,2,0.0,-5.0,0.0,0.0,0,1.0,1.0,0,0)
DispatchTrackball(-1,1549104,2,3.0,-1.0,0.0,0.0,0,1.0,1.0,0,0)
DispatchTrackball(-1,1549120,2,-1.0,0.0,0.0,0.0,0,1.0,1.0,0,0)
DispatchTrackball(-1,1549123,2,-4.0,-5.0,0.0,0.0,0,1.0,1.0,0,0)
DispatchTrackball(-1,1549125,2,-4.0,-3.0,0.0,0.0,0,1.0,1.0,0,0)
DispatchTrackball(-1,1549128,2,4.0,3.0,0.0,0.0,0,1.0,1.0,0,0)
DispatchTrackball(-1,1549233,2,1.0,0.0,0.0,0.0,0,1.0,1.0,0,0)
DispatchTrackball(-1,1549285,2,-2.0,-4.0,0.0,0.0,0,1.0,1.0,0,0)
DispatchTrackball(-1,1549288,2,-2.0,3.0,0.0,0.0,0,1.0,1.0,0,0)
DispatchTrackball(-1,1549292,2,-5.0,-5.0,0.0,0.0,0,1.0,1.0,0,0)
DispatchTrackball(-1,1549294,2,-3.0,-3.0,0.0,0.0,0,1.0,1.0,0,0)
DispatchTrackball(-1,1549297,2,4.0,1.0,0.0,0.0,0,1.0,1.0,0,0)
DispatchTrackball(-1,1549299,2,3.0,-1.0,0.0,0.0,0,1.0,1.0,0,0)
DispatchTrackball(-1,1549318,2,-4.0,3.0,0.0,0.0,0,1.0,1.0,0,0)
DispatchTrackball(-1,1549325,2,4.0,-2.0,0.0,0.0,0,1.0,1.0,0,0)
DispatchPointer(1549333,1549333,0,102.0,364.0,0.0,0.0,0,1.0,1.0,0,0)
DispatchPointer(1549333,1549360,2,110.70703,373.00623,0.0,0.0,0,1.0,1.0,0,0)
DispatchPointer(1549333,1549372,2,113.10928,389.90463,0.0,0.0,0,1.0,1.0,0,0)
DispatchPointer(1549333,1549385,2,122.38726,405.23245,0.0,0.0,0,1.0,1.0,0,0)
DispatchPointer(1549333,1549392,1,129.06958,419.94397,0.0,0.0,0,1.0,1.0,0,0)
DispatchKey(1549406,1549406,0,19,0,0,-1,0)
DispatchKey(1550146,1550146,1,19,0,0,-1,0)
DispatchTrackball(-1,1550156,2,-4.0,-1.0,0.0,0.0,0,1.0,1.0,0,0)
DispatchTrackball(-1,1550163,2,4.0,-3.0,0.0,0.0,0,1.0,1.0,0,0)
DispatchTrackball(-1,1550169,2,-3.0,-2.0,0.0,0.0,0,1.0,1.0,0,0)
DispatchTrackball(-1,1550178,2,-3.0,1.0,0.0,0.0,0,1.0,1.0,0,0)
DispatchTrackball(-1,1550193,2,-1.0,1.0,0.0,0.0,0,1.0,1.0,0,0)
DispatchTrackball(-1,1550205,2,-2.0,2.0,0.0,0.0,0,1.0,1.0,0,0)
DispatchTrackball(-1,1550211,2,4.0,0.0,0.0,0.0,0,1.0,1.0,0,0)
DispatchTrackball(-1,1550237,2,-1.0,2.0,0.0,0.0,0,1.0,1.0,0,0)
DispatchTrackball(-1,1550246,2,3.0,-3.0,0.0,0.0,0,1.0,1.0,0,0)
DispatchTrackball(-1,1550249,2,1.0,-4.0,0.0,0.0,0,1.0,1.0,0,0)
DispatchTrackball(-1,1550256,2,-1.0,-5.0,0.0,0.0,0,1.0,1.0,0,0)
DispatchTrackball(-1,1550259,2,-4.0,-1.0,0.0,0.0,0,1.0,1.0,0,0)
DispatchTrackball(-1,1550269,2,2.0,-5.0,0.0,0.0,0,1.0,1.0,0,0)
DispatchTrackball(-1,1550293,2,-4.0,1.0,0.0,0.0,0,1.0,1.0,0,0)
DispatchTrackball(-1,1550312,2,3.0,3.0,0.0,0.0,0,1.0,1.0,0,0)
DispatchTrackball(-1,1550319,2,0.0,-3.0,0.0,0.0,0,1.0,1.0,0,0)
DispatchTrackball(-1,1550333,2,0.0,0.0,0.0,0.0,0,1.0,1.0,0,0)
DispatchTrackball(-1,1550343,2,-2.0,0.0,0.0,0.0,0,1.0,1.0,0,0)
DispatchTrackball(-1,1550346,2,0.0,3.0,0.0,0.0,0,1.0,1.0,0,0)
DispatchTrackball(-1,1550349,2,-5.0,-3.0,0.0,0.0,0,1.0,1.0,0,0)
DispatchKey(1550365,1550365,0,22,0,0,-1,0)
DispatchKey(1550402,1550402,1,22,0,0,-1,0)
DispatchKey(1550424,1550424,0,4,0,0,-1,0)
DispatchKey(1550429,1550429,1,4,0,0,-1,0)
DispatchKey(1550438,1550438,0,21,0,0,-1,0)
DispatchKey(1550454,1550454,1,21,0,0,-1,0)
DispatchKey(1550467,1550467,0,82,0,0,-1,0)
DispatchKey(1550473,1550473,1,82,0,0,-1,0)
DispatchTrackball(-1,1550479,2,-2.0,-5.0,0.0,0.0,0,1.0,1.0,0,0)
DispatchTrackball(-1,1550486,2,3.0,0.0,0.0,0.0,0,1.0,1.0,0,0)
DispatchTrackball(-1,1550493,2,-2.0,-3.0,0.0,0.0,0,1.0,1.0,0,0)
DispatchTrackball(-1,1550497,2,1.0,-2.0,0.0,0.0,0,1.0,1.0,0,0)
DispatchTrackball(-1,1550502,2,-3.0,-3.0,0.0,0.0,0,1.0,1.0,0,0)
DispatchTrackball(-1,1550505,2,2.0,-2.0,0.0,0.0,0,1.0,1.0,0,0)
DispatchTrackball(-1,1550507,2,1.0,3.0,0.0,0.0,0,1.0,1.0,0,0)
DispatchTrackball(-1,1550515,2,2.0,-5.0,0.0,0.0,0,1.0,1.0,0,0)
DispatchTrackball(-1,1550521,2,1.0,-1.0,0.0,0.0,0,1.0,1.0,0,0)
DispatchTrackball(-1,1550527,2,-4.0,4.0,0.0,0.0,0,1.0,1.0,0,0)
DispatchTrackball(1550479,1550531,0,0.0,0.0,0.0,0.0,0,1.0,1.0,0,0)
DispatchTrackball(1550479,1550546,1,0.0,0.0,0.0,0.0,0,1.0,1.0,0,0)
DispatchKey(1550559,1550559,0,82,0,0,-1,0)
DispatchKey(1550605,1550605,1,82,0,0,-1,0)
DispatchTrackball(-1,1550614,2,-2.0,3.0,0.0,0.0,0,1.0,1.0,0,0)
DispatchTrackball(-1,1550621,2,3.0,-1.0,0.0,0.0,0,1.0,1.0,0,0)
DispatchTrackball(-1,1550624,2,-5.0,4.0,0.0,0.0,0,1.0,1.0,0,0)
DispatchTrackball(-1,1550634,2,4.0,-4.0,0.0,0.0,0,1.0,1.0,0,0)
DispatchTrackball(-1,1550637,2,-4.0,-1.0,0.0,0.0,0,1.0,1.0,0,0)
DispatchTrackball(-1,1550655,2,3.0,-2.0,0.0,0.0,0,1.0,1.0,0,0)
DispatchTrackball(-1,1550670,2,-2.0,-1.0,0.0,0.0,0,1.0,1.0,0,0)
DispatchTrackball(-1,1550676,2,-2.0,-5.0,0.0,0.0,0,1.0,1.0,0,0)
DispatchTrackball(-1,1550679,2,-1.0,4.0,0.0,0.0,0,1.0,1.0,0,0)
DispatchTrackball(-1,1550699,2,-3.0,-2.0,0.0,0.0,0,1.0,1.0,0,0)
DispatchTrackball(1550614,1550765,0,0.0,0.0,0.0,0.0,0,1.0,1.0,0,0)
DispatchTrackball(1550614,1550775,1,0.0,0.0,0.0,0.0,0,1.0,1.0,0,0)
DispatchKey(1550801,1550801,0,5,0,0,-1,0)
DispatchKey(1551234,1551234,1,5,0,0,-1,0)
DispatchTrackball(-1,1551359,2,-1.0,1.0,0.0,0.0,0,1.0,1.0,0,0)
DispatchTrackball(-1,1551373,2,-3.0,4.0,0.0,0.0,0,1.0,1.0,0,0)
DispatchTrackball(-1,1551375,2,-4.0,-2.0,0.0,0.0,0,1.0,1.0,0,0)
DispatchTrackball(-1,1551381,2,-2.0,4.0,0.0,0.0,0,1.0,1.0,0,0)
DispatchTrackball(-1,1551384,2,-5.0,-5.0,0.0,0.0,0,1.0,1.0,0,0)
DispatchTrackball(-1,1551387,2,3.0,-3.0,0.0,0.0,0,1.0,1.0,0,0)
DispatchTrackball(-1,1551395,2,4.0,-5.0,0.0,0.0,0,1.0,1.0,0,0)
DispatchTrackball(-1,1551404,2,-5.0,4.0,0.0,0.0,0,1.0,1.0,0,0)
DispatchTrackball(-1,1551406,2,-1.0,0.0,0.0,0.0,0,1.0,1.0,0,0)
DispatchTrackball(-1,1551408,2,2.0,0.0,0.0,0.0,0,1.0,1.0,0,0)
DispatchPointer(1551434,1551434,0,151.0,383.0,0.0,0.0,0,1.0,1.0,0,0)
DispatchPointer(1551434,1551480,1,155.42352,389.18134,0.0,0.0,0,1.0,1.0,0,0)
DispatchKey(1551518,1551518,0,21,0,0,-1,0)
DispatchKey(1551561,1551561,1,21,0,0,-1,0)
DispatchKey(1551664,1551664,0,22,0,0,-1,0)
DispatchKey(1551893,1551893,1,22,0,0,-1,0)
DispatchTrackball(-1,1551918,2,-5.0,-4.0,0.0,0.0,0,1.0,1.0,0,0)
DispatchTrackball(-1,1551924,2,-2.0,1.0,0.0,0.0,0,1.0,1.0,0,0)
DispatchTrackball(-1,1551927,2,-4.0,-3.0,0.0,0.0,0,1.0,1.0,0,0)
DispatchTrackball(-1,1551929,2,4.0,0.0,0.0,0.0,0,1.0,1.0,0,0)
DispatchTrackball(-1,1551932,2,3.0,2.0,0.0,0.0,0,1.0,1.0,0,0)
DispatchTrackball(-1,1551936,2,-2.0,0.0,0.0,0.0,0,1.0,1.0,0,0)
DispatchTrackball(-1,1551943,2,-3.0,2.0,0.0,0.0,0,1.0,1.0,0,0)
DispatchTrackball(-1,1551945,2,1.0,2.0,0.0,0.0,0,1.0,1.0,0,0)
DispatchTrackball(-1,1551947,2,-2.0,-4.0,0.0,0.0,0,1.0,1.0,0,0)
DispatchTrackball(-1,1551951,2,0.0,-1.0,0.0,0.0,0,1.0,1.0,0,0)
DispatchKey(1551964,1551964,0,9,0,0,-1,0)
DispatchKey(1551999,1551999,1,9,0,0,-1,0)
DispatchKey(1552048,1552048,0,23,0,0,-1,0)
DispatchKey(1552163,1552163,1,23,0,0,-1,0)
DispatchPointer(1552202,1552202,0,225.0,345.0,0.0,0.0,0,1.0,1.0,0,0)
DispatchPointer(1552202,1552206,1,209.63068,340.75073,0.0,0.0,0,1.0,1.0,0,0)
DispatchPointer(1552228,1552228,0,38.0,357.0,0.0,0.0,0,1.0,1.0,0,0)
DispatchPointer(1552228,1552232,261,37.187073,355.8385,0.0,0.0,0,1.0,1.0,0,0)
DispatchPointer(1552228,1552244,262,27.904179,352.44022,0.0,0.0,0,1.0,1.0,0,0)
DispatchPointer(1552228,1552247,1,16.637794,343.4992,0.0,0.0,0,1.0,1.0,0,0)
DispatchKey(1552252,1552252,0,82,0,0,-1,0)
DispatchKey(1552269,1552269,1,82,0,0,-1,0)
DispatchPointer(1552293,1552293,0,192.0,424.0,0.0,0.0,0,1.0,1.0,0,0)
DispatchPointer(1552293,1552296,1,182.13602,419.59943,0.0,0.0,0,1.0,1.0,0,0)
DispatchPointer(1552306,1552306,0,267.0,30.0,0.0,0.0,0,1.0,1.0,0,0)
DispatchPointer(1552306,1552314,1,287.5313,31.527567,0.0,0.0,0,1.0,1.0,0,0)
DispatchTrackball(-1,1552321,2,1.0,3.0,0.0,0.0,0,1.0,1.0,0,0)
DispatchTrackball(-1,1552324,2,-3.0,-3.0,0.0,0.0,0,1.0,1.0,0,0)
DispatchTrackball(-1,1552326,2,3.0,4.0,0.0,0.0,0,1.0,1.0,0,0)
DispatchTrackball(-1,1552329,2,-5.0,0.0,0.0,0.0,0,1.0,1.0,0,0)
DispatchTrackball(-1,1552342,2,-3.0,0.0,0.0,0.0,0,1.0,1.0,0,0)
DispatchTrackball(-1,1552357,2,1.0,-5.0,0.0,0.0,0,1.0,1.0,0,0)
DispatchTrackball(-1,1552371,2,-3.0,-2.0,0.0,0.0,0,1.0,1.0,0,0)
DispatchTrackball(-1,1552374,2,2.0,4.0,0.0,0.0,0,1.0,1.0,0,0)
DispatchTrackball(-1,1552376,2,0.0,1.0,0.0,0.0,0,1.0,1.0,0,0)
DispatchTrackball(-1,1552378,2,0.0,-3.0,0.0,0.0,0,1.0,1.0,0,0)
DispatchKey(1552433,1552433,0,22,0,0,-1,0)
DispatchKey(1552492,1552492,1,22,0,0,-1,0)
DispatchTrackball(-1,1552530,2,-3.0,4.0,0.0,0.0,0,1.0,1.0,0,0)
DispatchTrackball(-1,1552550,2,-1.0,-1.0,0.0,0.0,0,1.0,1.0,0,0)
DispatchTrackball(-1,1552584,2,-2.0,4.0,0.0,0.0,0,1.0,1.0,0,0)
DispatchTrackball(-1,1552590,2,-2.0,4.0,0.0,0.0,0,1.0,1.0,0,0)
DispatchTrackball(-1,1552623,2,1.0,-1.0,0.0,0.0,0,1.0,1.0,0,0)
DispatchTrackball(-1,1552625,2,0.0,-1.0,0.0,0.0,0,1.0,1.0,0,0)
DispatchTrackball(-1,1552627,2,1.0,-4.0,0.0,0.0,0,1.0,1.0,0,0)
DispatchTrackball(-1,1552664,2,-1.0,4.0,0.0,0.0,0,1.0,1.0,0,0)
DispatchTrackball(-1,1552674,2,1.0,-2.0,0.0,0.0,0,1.0,1.0,0,0)
DispatchTrackball(-1,1552680,2,0.0,4.0,0.0,0.0,0,1.0,1.0,0,0)
DispatchPointer(1552684,1552684,0,301.0,589.0,0.0,0.0,0,1.0,1.0,0,0)
DispatchPointer(1552684,1552687,2,304.4838,603.1958,0.0,0.0,0,1.0,1.0,0,0)
DispatchPointer(1552684,1552696,2,305.81955,609.14264,0.0,0.0,0,1.0,1.0,0,0)
DispatchPointer(1552684,1552717,2,309.3306,625.78156,0.0,0.0,0,1.0,1.0,0,0)
DispatchPointer(1552684,1552722,2,309.46756,640.0,0.0,0.0,0,1.0,1.0,0,0)
DispatchPointer(1552684,1552725,2,312.81134,640.0,0.0,0.0,0,1.0,1.0,0,0)
DispatchPointer(1552684,1552727,1,314.31107,640.0,0.0,0.0,0,1.0,1.0,0,0)
DispatchKey(1552737,1552737,0,211,0,0,-1,0)
DispatchKey(1552764,1552764,1,211,0,0,-1,0)
DispatchKey(1552835,1552835,0,20,0,0,-1,0)
DispatchKey(1552882,1552882,1,20,0,0,-1,0)
DispatchPointer(1552945,1552945,0,164.0,284.0,0.0,0.0,0,1.0,1.0,0,0)
DispatchPointer(1552945,1552957,2,160.18898,303.38116,0.0,0.0,0,1.0,1.0,0,0)
DispatchPointer(1552945,1552959,2,150.76035,314.5612,0.0,0.0,0,1.0,1.0,0,0)
DispatchPointer(1552945,1552978,2,138.27618,322.33786,0.0,0.0,0,1.0,1.0,0,0)
DispatchPointer(1552945,1552986,1,129.32436,323.86334,0.0,0.0,0,1.0,1.0,0,0)
DispatchKey(1552996,1552996,0,19,0,0,-1,0)
DispatchKey(1553011,1553011,1,19,0,0,-1,0)
DispatchKey(1553045,1553045,0,4,0,0,-1,0)
DispatchKey(1553075,1553075,1,4,0,0,-1,0)
DispatchKey(1553109,1553109,0,22,0,0,-1,0)
DispatchKey(1553142,1553142,1,22,0,0,-1,0)
DispatchKey(1553203,1553203,0,21,0,0,-1,0)
DispatchKey(1553229,1553229,1,21,0,0,-1,0)
DispatchTrackball(-1,1553253,2,3.0,4.0,0.0,0.0,0,1.0,1.0,0,0)
DispatchTrackball(-1,1553257,2,-3.0,4.0,0.0,0.0,0,1.0,1.0,0,0)
DispatchTrackball(-1,1553259,2,0.0,-5.0,0.0,0.0,0,1.0,1.0,0,0)
DispatchTrackball(-1,1553269,2,1.0,1.0,0.0,0.0,0,1.0,1.0,0,0)
DispatchTrackball(-1,1553278,2,-1.0,-2.0,0.0,0.0,0,1.0,1.0,0,0)
DispatchTrackball(-1,1553286,2,3.0,4.0,0.0,0.0,0,1.0,1.0,0,0)
DispatchTrackball(-1,1553299,2,4.0,-1.0,0.0,0.0,0,1.0,1.0,0,0)
DispatchTrackball(-1,1553310,2,0.0,-4.0,0.0,0.0,0,1.0,1.0,0,0)
DispatchTrackball(-1,1553315,2,-5.0,-1.0,0.0,0.0,0,1.0,1.0,0,0)
DispatchTrackball(-1,1553318,2,2.0,3.0,0.0,0.0,0,1.0,1.0,0,0)
DispatchPointer(1553323,1553323,0,6.0,332.0,0.0,0.0,0,1.0,1.0,0,0)
DispatchPointer(1553323,1553332,1,0.0,326.60446,0.0,0.0,0,1.0,1.0,0,0)
DispatchKey(1553341,1553341,0,23,0,0,-1,0)
DispatchKey(1553500,1553500,1,23,0,0,-1,0)
DispatchKey(1553526,1553526,0,61,0,0,-1,0)
DispatchKey(1553592,1553592,1,61,0,0,-1,0)
DispatchKey(1553661,1553661,0,129,0,0,-1,0)
DispatchKey(1553678,1553678,1,129,0,0,-1,0)
DispatchPointer(1553687,1553687,0,40.0,144.0,0.0,0.0,0,1.0,1.0,0,0)
DispatchPointer(1553687,1553693,1,41.176567,140.19621,0.0,0.0,0,1.0,1.0,0,0)
DispatchKey(1553698,1553698,0,21,0,0,-1,0)
DispatchKey(1553724,1553724,1,21,0,0,-1,0)
