type= raw events
count= -1
speed= 1.0
start data >>
LaunchActivity(com.autostart,com.autostart.AutoStartActivity)
DispatchKey(296778,296778,0,71,0,0,-1,0)
DispatchKey(297938,297938,1,71,0,0,-1,0)
DispatchKey(297999,297999,0,22,0,0,-1,0)
DispatchKey(298443,298443,1,22,0,0,-1,0)
DispatchKey(298472,298472,0,20,0,0,-1,0)
DispatchKey(298513,298513,1,20,0,0,-1,0)
DispatchTrackball(-1,298519,2,-2.0,-3.0,0.0,0.0,0,1.0,1.0,0,0)
DispatchTrackball(-1,298535,2,-5.0,-4.0,0.0,0.0,0,1.0,1.0,0,0)
DispatchTrackball(-1,298538,2,-5.0,-1.0,0.0,0.0,0,1.0,1.0,0,0)
DispatchTrackball(-1,298570,2,3.0,-1.0,0.0,0.0,0,1.0,1.0,0,0)
DispatchTrackball(-1,298596,2,-1.0,-2.0,0.0,0.0,0,1.0,1.0,0,0)
DispatchTrackball(-1,298610,2,0.0,4.0,0.0,0.0,0,1.0,1.0,0,0)
DispatchTrackball(-1,298617,2,-5.0,2.0,0.0,0.0,0,1.0,1.0,0,0)
DispatchTrackball(-1,298621,2,-5.0,1.0,0.0,0.0,0,1.0,1.0,0,0)
DispatchTrackball(-1,298625,2,3.0,-2.0,0.0,0.0,0,1.0,1.0,0,0)
DispatchTrackball(-1,298635,2,3.0,4.0,0.0,0.0,0,1.0,1.0,0,0)
DispatchKey(298640,298640,0,82,0,0,-1,0)
DispatchKey(298748,298748,1,82,0,0,-1,0)
DispatchPointer(298856,298857,0,128.0,189.0,0.0,0.0,0,1.0,1.0,0,0)
DispatchPointer(298856,298864,1,129.72725,191.1958,0.0,0.0,0,1.0,1.0,0,0)
DispatchPointer(298876,298877,0,154.0,527.0,0.0,0.0,0,1.0,1.0,0,0)
DispatchPointer(298876,298883,1,165.80287,518.7389,0.0,0.0,0,1.0,1.0,0,0)
DispatchTrackball(-1,298894,2,1.0,-2.0,0.0,0.0,0,1.0,1.0,0,0)
DispatchTrackball(-1,298909,2,-3.0,1.0,0.0,0.0,0,1.0,1.0,0,0)
DispatchTrackball(-1,298929,2,3.0,4.0,0.0,0.0,0,1.0,1.0,0,0)
DispatchTrackball(-1,298937,2,-1.0,-5.0,0.0,0.0,0,1.0,1.0,0,0)
DispatchTrackball(-1,298962,2,4.0,3.0,0.0,0.0,0,1.0,1.0,0,0)
DispatchTrackball(-1,298964,2,2.0,1.0,0.0,0.0,0,1.0,1.0,0,0)
DispatchTrackball(-1,298990,2,4.0,1.0,0.0,0.0,0,1.0,1.0,0,0)
DispatchTrackball(-1,298995,2,-1.0,-5.0,0.0,0.0,0,1.0,1.0,0,0)
DispatchTrackball(-1,299004,2,-2.0,3.0,0.0,0.0,0,1.0,1.0,0,0)
DispatchTrackball(-1,299019,2,0.0,-4.0,0.0,0.0,0,1.0,1.0,0,0)
DispatchKey(299041,299041,0,23,0,0,-1,0)
DispatchKey(299045,299045,1,23,0,0,-1,0)
DispatchKey(299068,299068,0,21,0,0,-1,0)
DispatchKey(299091,299091,1,21,0,0,-1,0)
DispatchPointer(299103,299109,0,165.0,236.0,0.0,0.0,0,1.0,1.0,0,0)
DispatchPointer(299103,299125,1,160.74127,244.0612,0.0,0.0,0,1.0,1.0,0,0)
DispatchTrackball(-1,299129,2,3.0,-3.0,0.0,0.0,0,1.0,1.0,0,0)
DispatchTrackball(-1,299137,2,3.0,-4.0,0.0,0.0,0,1.0,1.0,0,0)
DispatchTrackball(-1,299139,2,-3.0,1.0,0.0,0.0,0,1.0,1.0,0,0)
DispatchTrackball(-1,299147,2,3.0,-1.0,0.0,0.0,0,1.0,1.0,0,0)
DispatchTrackball(-1,299152,2,2.0,1.0,0.0,0.0,0,1.0,1.0,0,0)
DispatchTrackball(-1,299166,2,2.0,-2.0,0.0,0.0,0,1.0,1.0,0,0)
DispatchTrackball(-1,299168,2,2.0,-4.0,0.0,0.0,0,1.0,1.0,0,0)
DispatchTrackball(-1,299178,2,2.0,1.0,0.0,0.0,0,1.0,1.0,0,0)
DispatchTrackball(-1,299185,2,-2.0,-2.0,0.0,0.0,0,1.0,1.0,0,0)
DispatchTrackball(-1,299187,2,2.0,4.0,0.0,0.0,0,1.0,1.0,0,0)
DispatchTrackball(299129,299193,0,0.0,0.0,0.0,0.0,0,1.0,1.0,0,0)
DispatchTrackball(299129,299195,1,0.0,0.0,0.0,0.0,0,1.0,1.0,0,0)
LaunchActivity(com.autostart,com.autostart.AutoStartActivity)
DispatchKey(299208,299208,0,21,0,0,-1,0)
DispatchKey(299482,299482,1,21,0,0,-1,0)
LaunchActivity(com.autostart,com.autostart.AutoStartActivity)
DispatchKey(300039,300039,0,79,0,0,-1,0)
DispatchKey(300049,300049,1,79,0,0,-1,0)
DispatchTrackball(-1,300147,2,3.0,-2.0,0.0,0.0,0,1.0,1.0,0,0)
DispatchTrackball(-1,300153,2,-5.0,3.0,0.0,0.0,0,1.0,1.0,0,0)
DispatchTrackball(-1,300159,2,1.0,-3.0,0.0,0.0,0,1.0,1.0,0,0)
DispatchTrackball(-1,300168,2,2.0,-1.0,0.0,0.0,0,1.0,1.0,0,0)
DispatchTrackball(-1,300177,2,-4.0,-4.0,0.0,0.0,0,1.0,1.0,0,0)
DispatchTrackball(-1,300187,2,2.0,0.0,0.0,0.0,0,1.0,1.0,0,0)
DispatchTrackball(-1,300193,2,-2.0,-5.0,0.0,0.0,0,1.0,1.0,0,0)
DispatchTrackball(-1,300196,2,4.0,-1.0,0.0,0.0,0,1.0,1.0,0,0)
DispatchTrackball(-1,300199,2,3.0,2.0,0.0,0.0,0,1.0,1.0,0,0)
DispatchTrackball(-1,300209,2,4.0,-1.0,0.0,0.0,0,1.0,1.0,0,0)
DispatchKey(300223,300223,0,21,0,0,-1,0)
DispatchKey(300232,300232,1,21,0,0,-1,0)
DispatchKey(300243,300243,0,21,0,0,-1,0)
DispatchKey(300257,300257,1,21,0,0,-1,0)
DispatchKey(300264,300264,0,39,0,0,-1,0)
DispatchKey(300275,300275,1,39,0,0,-1,0)
DispatchKey(300289,300289,0,82,0,0,-1,0)
DispatchKey(300295,300295,1,82,0,0,-1,0)
DispatchPointer(300305,300305,0,114.0,495.0,0.0,0.0,0,1.0,1.0,0,0)
DispatchPointer(300305,300318,1,116.360344,495.11032,0.0,0.0,0,1.0,1.0,0,0)
DispatchKey(300327,300327,0,20,0,0,-1,0)
DispatchKey(300366,300366,1,20,0,0,-1,0)
DispatchTrackball(-1,300377,2,1.0,-1.0,0.0,0.0,0,1.0,1.0,0,0)
DispatchTrackball(-1,300382,2,0.0,-4.0,0.0,0.0,0,1.0,1.0,0,0)
DispatchTrackball(-1,300384,2,1.0,0.0,0.0,0.0,0,1.0,1.0,0,0)
DispatchTrackball(-1,300389,2,1.0,-3.0,0.0,0.0,0,1.0,1.0,0,0)
DispatchTrackball(-1,300394,2,-5.0,3.0,0.0,0.0,0,1.0,1.0,0,0)
DispatchTrackball(-1,300397,2,-5.0,-1.0,0.0,0.0,0,1.0,1.0,0,0)
DispatchTrackball(-1,300405,2,-3.0,-4.0,0.0,0.0,0,1.0,1.0,0,0)
DispatchTrackball(-1,300408,2,2.0,-3.0,0.0,0.0,0,1.0,1.0,0,0)
DispatchTrackball(-1,300413,2,-1.0,3.0,0.0,0.0,0,1.0,1.0,0,0)
DispatchTrackball(-1,300423,2,-5.0,1.0,0.0,0.0,0,1.0,1.0,0,0)
DispatchPointer(300427,300427,0,85.0,56.0,0.0,0.0,0,1.0,1.0,0,0)
DispatchPointer(300427,300436,1,93.14659,46.84604,0.0,0.0,0,1.0,1.0,0,0)
DispatchKey(300443,300443,0,19,0,0,-1,0)
DispatchKey(300631,300631,1,19,0,0,-1,0)
DispatchPointer(300673,300673,0,166.0,287.0,0.0,0.0,0,1.0,1.0,0,0)
DispatchPointer(300673,300678,1,169.9968,285.526,0.0,0.0,0,1.0,1.0,0,0)
DispatchKey(300682,300682,0,23,0,0,-1,0)
DispatchKey(300729,300729,1,23,0,0,-1,0)
DispatchTrackball(-1,300739,2,-2.0,-2.0,0.0,0.0,0,1.0,1.0,0,0)
DispatchTrackball(-1,300746,2,-5.0,2.0,0.0,0.0,0,1.0,1.0,0,0)
DispatchTrackball(-1,300749,2,-3.0,0.0,0.0,0.0,0,1.0,1.0,0,0)
DispatchTrackball(-1,300763,2,3.0,2.0,0.0,0.0,0,1.0,1.0,0,0)
DispatchTrackball(-1,300765,2,-4.0,-5.0,0.0,0.0,0,1.0,1.0,0,0)
DispatchTrackball(-1,300769,2,0.0,4.0,0.0,0.0,0,1.0,1.0,0,0)
DispatchTrackball(-1,300777,2,-1.0,-5.0,0.0,0.0,0,1.0,1.0,0,0)
DispatchTrackball(-1,300788,2,-2.0,-3.0,0.0,0.0,0,1.0,1.0,0,0)
DispatchTrackball(-1,300799,2,-5.0,4.0,0.0,0.0,0,1.0,1.0,0,0)
DispatchTrackball(-1,300805,2,1.0,0.0,0.0,0.0,0,1.0,1.0,0,0)
DispatchKey(300808,300808,0,25,0,0,-1,0)
DispatchKey(300966,300966,1,25,0,0,-1,0)
DispatchKey(301003,301003,0,21,0,0,-1,0)
DispatchKey(301086,301086,1,21,0,0,-1,0)
DispatchKey(301103,301103,0,19,0,0,-1,0)
DispatchKey(301108,301108,1,19,0,0,-1,0)
DispatchPointer(301132,301132,0,247.0,585.0,0.0,0.0,0,1.0,1.0,0,0)
DispatchPointer(301132,301139,1,251.87537,584.7209,0.0,0.0,0,1.0,1.0,0,0)
DispatchTrackball(-1,301149,2,3.0,1.0,0.0,0.0,0,1.0,1.0,0,0)
DispatchTrackball(-1,301156,2,1.0,3.0,0.0,0.0,0,1.0,1.0,0,0)
DispatchTrackball(-1,301158,2,1.0,2.0,0.0,0.0,0,1.0,1.0,0,0)
DispatchTrackball(-1,301163,2,0.0,3.0,0.0,0.0,0,1.0,1.0,0,0)
DispatchTrackball(-1,301165,2,-5.0,-1.0,0.0,0.0,0,1.0,1.0,0,0)
DispatchTrackball(-1,301171,2,0.0,4.0,0.0,0.0,0,1.0,1.0,0,0)
DispatchTrackball(-1,301180,2,2.0,-3.0,0.0,0.0,0,1.0,1.0,0,0)
DispatchTrackball(-1,301182,2,1.0,-5.0,0.0,0.0,0,1.0,1.0,0,0)
DispatchTrackball(-1,301186,2,4.0,-1.0,0.0,0.0,0,1.0,1.0,0,0)
DispatchTrackball(-1,301189,2,4.0,1.0,0.0,0.0,0,1.0,1.0,0,0)
DispatchKey(301192,301192,0,147,0,0,-1,0)
DispatchKey(301247,301247,1,147,0,0,-1,0)
DispatchKey(303147,303147,0,21,0,0,-1,0)
DispatchKey(303158,303158,1,21,0,0,-1,0)
DispatchPointer(303169,303169,0,211.0,291.0,0.0,0.0,0,1.0,1.0,0,0)
DispatchPointer(303169,303178,2,196.65465,289.45953,0.0,0.0,0,1.0,1.0,0,0)
DispatchPointer(303169,303185,2,187.15858,288.94553,0.0,0.0,0,1.0,1.0,0,0)
DispatchPointer(303169,303195,2,186.71126,287.13342,0.0,0.0,0,1.0,1.0,0,0)
DispatchPointer(303169,303199,2,174.6885,285.20978,0.0,0.0,0,1.0,1.0,0,0)
DispatchPointer(303169,303204,2,169.91559,283.12775,0.0,0.0,0,1.0,1.0,0,0)
DispatchPointer(303169,303207,2,164.30467,282.82504,0.0,0.0,0,1.0,1.0,0,0)
DispatchPointer(303169,303212,2,155.43462,282.04813,0.0,0.0,0,1.0,1.0,0,0)
DispatchPointer(303169,303215,2,143.23491,280.6935,0.0,0.0,0,1.0,1.0,0,0)
DispatchPointer(303169,303221,1,129.08725,280.2946,0.0,0.0,0,1.0,1.0,0,0)
DispatchPointer(303233,303233,0,166.0,317.0,0.0,0.0,0,1.0,1.0,0,0)
DispatchPointer(303233,303243,1,167.4288,319.2439,0.0,0.0,0,1.0,1.0,0,0)
DispatchKey(303247,303247,0,82,0,0,-1,0)
DispatchKey(303261,303261,1,82,0,0,-1,0)
DispatchKey(303272,303272,0,22,0,0,-1,0)
DispatchKey(303286,303286,1,22,0,0,-1,0)
DispatchKey(303299,303299,0,21,0,0,-1,0)
DispatchKey(303308,303308,1,21,0,0,-1,0)
LaunchActivity(com.autostart,com.autostart.AutoStartActivity)
DispatchPointer(303328,303329,0,264.0,526.0,0.0,0.0,0,1.0,1.0,0,0)
DispatchPointer(303328,303337,2,273.26376,517.4336,0.0,0.0,0,1.0,1.0,0,0)
DispatchPointer(303328,303343,2,281.52438,516.5161,0.0,0.0,0,1.0,1.0,0,0)
DispatchPointer(303328,303356,2,303.82617,508.55356,0.0,0.0,0,1.0,1.0,0,0)
DispatchPointer(303328,303362,2,313.58722,503.4735,0.0,0.0,0,1.0,1.0,0,0)
DispatchPointer(303328,303372,2,315.5234,497.8969,0.0,0.0,0,1.0,1.0,0,0)
DispatchPointer(303328,303374,2,320.0,493.54352,0.0,0.0,0,1.0,1.0,0,0)
DispatchPointer(303328,303377,2,320.0,482.3859,0.0,0.0,0,1.0,1.0,0,0)
DispatchPointer(303328,303387,2,320.0,480.2299,0.0,0.0,0,1.0,1.0,0,0)
DispatchPointer(303328,303394,1,320.0,478.82538,0.0,0.0,0,1.0,1.0,0,0)
DispatchPointer(303916,303917,0,309.0,292.0,0.0,0.0,0,1.0,1.0,0,0)
DispatchPointer(303916,303926,2,297.06317,300.19702,0.0,0.0,0,1.0,1.0,0,0)
DispatchPointer(303916,303929,2,287.03534,316.4854,0.0,0.0,0,1.0,1.0,0,0)
DispatchPointer(303916,303933,2,283.7309,329.36703,0.0,0.0,0,1.0,1.0,0,0)
DispatchPointer(303916,303936,2,276.16455,334.60504,0.0,0.0,0,1.0,1.0,0,0)
DispatchPointer(303916,303939,1,271.70233,340.73175,0.0,0.0,0,1.0,1.0,0,0)
DispatchKey(303948,303948,0,82,0,0,-1,0)
DispatchKey(303958,303958,1,82,0,0,-1,0)
DispatchKey(303964,303964,0,32,0,0,-1,0)
DispatchKey(303975,303975,1,32,0,0,-1,0)
DispatchFlip(false)
DispatchKey(304074,304074,0,20,0,0,-1,0)
DispatchKey(304084,304084,1,20,0,0,-1,0)
DispatchKey(304091,304091,0,23,0,0,-1,0)
DispatchKey(304097,304097,1,23,0,0,-1,0)
DispatchPointer(304137,304138,0,158.0,128.0,0.0,0.0,0,1.0,1.0,0,0)
DispatchPointer(304137,304149,1,160.0529,125.93183,0.0,0.0,0,1.0,1.0,0,0)
DispatchKey(304163,304163,0,21,0,0,-1,0)
DispatchKey(304173,304173,1,21,0,0,-1,0)
DispatchKey(304235,304235,0,82,0,0,-1,0)
DispatchKey(305098,305098,1,82,0,0,-1,0)
DispatchPointer(305256,305256,0,5.0,322.0,0.0,0.0,0,1.0,1.0,0,0)
DispatchPointer(305256,305290,1,0.0,314.89703,0.0,0.0,0,1.0,1.0,0,0)
DispatchKey(305326,305326,0,20,0,0,-1,0)
DispatchKey(305797,305797,1,20,0,0,-1,0)
DispatchKey(305830,305830,0,185,0,0,-1,0)
DispatchKey(305952,305952,1,185,0,0,-1,0)
DispatchKey(305959,305959,0,195,0,0,-1,0)
DispatchKey(306071,306071,1,195,0,0,-1,0)
DispatchPointer(306240,306241,0,223.0,98.0,0.0,0.0,0,1.0,1.0,0,0)
DispatchPointer(306240,306252,2,217.87273,104.28603,0.0,0.0,0,1.0,1.0,0,0)
DispatchPointer(306240,306261,2,202.72133,105.02633,0.0,0.0,0,1.0,1.0,0,0)
DispatchPointer(306240,306264,2,193.09793,111.58277,0.0,0.0,0,1.0,1.0,0,0)
DispatchPointer(306240,306267,2,187.07738,112.23973,0.0,0.0,0,1.0,1.0,0,0)
DispatchPointer(306240,306291,2,184.21527,117.73537,0.0,0.0,0,1.0,1.0,0,0)
DispatchPointer(306240,306302,2,176.73047,124.07482,0.0,0.0,0,1.0,1.0,0,0)
DispatchPointer(306240,306305,1,163.68027,124.2439,0.0,0.0,0,1.0,1.0,0,0)
DispatchTrackball(-1,306319,2,4.0,3.0,0.0,0.0,0,1.0,1.0,0,0)
DispatchTrackball(-1,306360,2,-4.0,-2.0,0.0,0.0,0,1.0,1.0,0,0)
DispatchTrackball(-1,306365,2,0.0,-1.0,0.0,0.0,0,1.0,1.0,0,0)
