type= raw events
count= -1
speed= 1.0
start data >>
DispatchKey(1423248,1423248,0,20,0,0,-1,0)
DispatchKey(1424318,1424318,1,20,0,0,-1,0)
DispatchKey(1424497,1424497,0,19,0,0,-1,0)
DispatchKey(1424509,1424509,1,19,0,0,-1,0)
DispatchKey(1424541,1424541,0,21,0,0,-1,0)
DispatchKey(1425066,1425066,1,21,0,0,-1,0)
DispatchTrackball(-1,1425139,2,4.0,-4.0,0.0,0.0,0,1.0,1.0,0,0)
DispatchTrackball(-1,1425172,2,4.0,-5.0,0.0,0.0,0,1.0,1.0,0,0)
DispatchTrackball(-1,1425175,2,2.0,-5.0,0.0,0.0,0,1.0,1.0,0,0)
DispatchTrackball(-1,1425183,2,-3.0,-1.0,0.0,0.0,0,1.0,1.0,0,0)
DispatchTrackball(-1,1425203,2,2.0,-5.0,0.0,0.0,0,1.0,1.0,0,0)
DispatchTrackball(-1,1425206,2,-3.0,3.0,0.0,0.0,0,1.0,1.0,0,0)
DispatchTrackball(-1,1425209,2,2.0,-3.0,0.0,0.0,0,1.0,1.0,0,0)
DispatchTrackball(-1,1425224,2,0.0,0.0,0.0,0.0,0,1.0,1.0,0,0)
DispatchTrackball(-1,1425235,2,-3.0,-2.0,0.0,0.0,0,1.0,1.0,0,0)
DispatchTrackball(-1,1425261,2,-1.0,-2.0,0.0,0.0,0,1.0,1.0,0,0)
DispatchKey(1425269,1425269,0,82,0,0,-1,0)
DispatchKey(1425413,1425413,1,82,0,0,-1,0)
DispatchKey(1425425,1425425,0,42,0,0,-1,0)
DispatchKey(1425452,1425452,1,42,0,0,-1,0)
DispatchPointer(1425524,1425524,0,250.0,178.0,0.0,0.0,0,1.0,1.0,0,0)
DispatchPointer(1425524,1425536,2,250.394,179.07358,0.0,0.0,0,1.0,1.0,0,0)
DispatchPointer(1425524,1425541,1,251.1285,179.23744,0.0,0.0,0,1.0,1.0,0,0)
DispatchKey(1425546,1425546,0,208,0,0,-1,0)
DispatchKey(1425576,1425576,1,208,0,0,-1,0)
DispatchKey(1425584,1425584,0,22,0,0,-1,0)
DispatchKey(1425608,1425608,1,22,0,0,-1,0)
DispatchKey(1425654,1425654,0,19,0,0,-1,0)
DispatchKey(1425680,1425680,1,19,0,0,-1,0)
DispatchKey(1425697,1425697,0,19,0,0,-1,0)
DispatchKey(1425706,1425706,1,19,0,0,-1,0)
DispatchKey(1425714,1425714,0,201,0,0,-1,0)
DispatchKey(1425723,1425723,1,201,0,0,-1,0)
DispatchKey(1425733,1425733,0,23,0,0,-1,0)
DispatchKey(1425753,1425753,1,23,0,0,-1,0)
DispatchPointer(1425768,1425768,0,15.0,402.0,0.0,0.0,0,1.0,1.0,0,0)
DispatchPointer(1425768,1425777,261,13.417335,391.79446,0.0,0.0,0,1.0,1.0,0,0)
DispatchPointer(1425768,1425784,2,12.864401,389.57266,0.0,0.0,0,1.0,1.0,0,0)
DispatchPointer(1425768,1425787,2,11.243766,386.60577,0.0,0.0,0,1.0,1.0,0,0)
DispatchPointer(1425768,1425799,2,8.063754,379.92395,0.0,0.0,0,1.0,1.0,0,0)
DispatchPointer(1425768,1425813,2,7.8901687,371.71667,0.0,0.0,0,1.0,1.0,0,0)
DispatchPointer(1425768,1425818,2,4.716807,362.08768,0.0,0.0,0,1.0,1.0,0,0)
DispatchPointer(1425768,1425826,262,1.8824525,360.82242,0.0,0.0,0,1.0,1.0,0,0)
DispatchPointer(1425768,1425836,1,0.27968156,349.84003,0.0,0.0,0,1.0,1.0,0,0)
DispatchPointer(1425864,1425864,0,148.0,333.0,0.0,0.0,0,1.0,1.0,0,0)
DispatchPointer(1425864,1425876,1,153.22845,325.91257,0.0,0.0,0,1.0,1.0,0,0)
DispatchPointer(1425885,1425885,0,78.0,307.0,0.0,0.0,0,1.0,1.0,0,0)
DispatchPointer(1425885,1425895,2,78.128426,297.96793,0.0,0.0,0,1.0,1.0,0,0)
DispatchPointer(1425885,1425898,2,78.878456,287.73468,0.0,0.0,0,1.0,1.0,0,0)
DispatchPointer(1425885,1425903,2,79.4017,278.74286,0.0,0.0,0,1.0,1.0,0,0)
DispatchPointer(1425885,1425905,1,80.115585,263.4393,0.0,0.0,0,1.0,1.0,0,0)
DispatchTrackball(-1,1425914,2,0.0,4.0,0.0,0.0,0,1.0,1.0,0,0)
DispatchTrackball(-1,1425923,2,1.0,-2.0,0.0,0.0,0,1.0,1.0,0,0)
DispatchTrackball(-1,1425926,2,-1.0,-4.0,0.0,0.0,0,1.0,1.0,0,0)
DispatchTrackball(-1,1425928,2,-4.0,-1.0,0.0,0.0,0,1.0,1.0,0,0)
DispatchTrackball(-1,1425931,2,0.0,-1.0,0.0,0.0,0,1.0,1.0,0,0)
DispatchTrackball(-1,1425933,2,-5.0,-2.0,0.0,0.0,0,1.0,1.0,0,0)
DispatchTrackball(-1,1425936,2,2.0,4.0,0.0,0.0,0,1.0,1.0,0,0)
DispatchTrackball(-1,1425938,2,4.0,3.0,0.0,0.0,0,1.0,1.0,0,0)
DispatchTrackball(-1,1425952,2,4.0,-1.0,0.0,0.0,0,1.0,1.0,0,0)
DispatchTrackball(-1,1425954,2,-3.0,-4.0,0.0,0.0,0,1.0,1.0,0,0)
DispatchPointer(1425958,1425958,0,105.0,521.0,0.0,0.0,0,1.0,1.0,0,0)
DispatchPointer(1425958,1425969,1,122.14479,521.86115,0.0,0.0,0,1.0,1.0,0,0)
DispatchKey(1426004,1426004,0,22,0,0,-1,0)
DispatchKey(1426026,1426026,1,22,0,0,-1,0)
DispatchKey(1426042,1426042,0,82,0,0,-1,0)
DispatchKey(1426051,1426051,1,82,0,0,-1,0)
DispatchTrackball(-1,1426066,2,-4.0,-3.0,0.0,0.0,0,1.0,1.0,0,0)
DispatchTrackball(-1,1426083,2,-4.0,4.0,0.0,0.0,0,1.0,1.0,0,0)
DispatchTrackball(-1,1426086,2,3.0,3.0,0.0,0.0,0,1.0,1.0,0,0)
DispatchTrackball(-1,1426088,2,2.0,3.0,0.0,0.0,0,1.0,1.0,0,0)
DispatchTrackball(-1,1426092,2,-1.0,-1.0,0.0,0.0,0,1.0,1.0,0,0)
DispatchTrackball(-1,1426095,2,2.0,-1.0,0.0,0.0,0,1.0,1.0,0,0)
DispatchTrackball(-1,1426098,2,-2.0,4.0,0.0,0.0,0,1.0,1.0,0,0)
DispatchTrackball(-1,1426109,2,1.0,4.0,0.0,0.0,0,1.0,1.0,0,0)
DispatchTrackball(-1,1426130,2,-1.0,-1.0,0.0,0.0,0,1.0,1.0,0,0)
DispatchTrackball(-1,1426141,2,2.0,1.0,0.0,0.0,0,1.0,1.0,0,0)
DispatchTrackball(-1,1426157,2,2.0,-3.0,0.0,0.0,0,1.0,1.0,0,0)
DispatchTrackball(-1,1426165,2,4.0,1.0,0.0,0.0,0,1.0,1.0,0,0)
DispatchTrackball(-1,1426172,2,3.0,-2.0,0.0,0.0,0,1.0,1.0,0,0)
DispatchTrackball(-1,1426175,2,4.0,-4.0,0.0,0.0,0,1.0,1.0,0,0)
DispatchTrackball(-1,1426177,2,-2.0,-5.0,0.0,0.0,0,1.0,1.0,0,0)
DispatchTrackball(-1,1426186,2,-2.0,-5.0,0.0,0.0,0,1.0,1.0,0,0)
DispatchTrackball(-1,1426189,2,-2.0,-4.0,0.0,0.0,0,1.0,1.0,0,0)
DispatchTrackball(-1,1426211,2,1.0,4.0,0.0,0.0,0,1.0,1.0,0,0)
DispatchTrackball(-1,1426216,2,4.0,-5.0,0.0,0.0,0,1.0,1.0,0,0)
DispatchTrackball(-1,1426223,2,-5.0,-4.0,0.0,0.0,0,1.0,1.0,0,0)
DispatchTrackball(1426157,1426226,0,0.0,0.0,0.0,0.0,0,1.0,1.0,0,0)
DispatchTrackball(1426157,1426228,1,0.0,0.0,0.0,0.0,0,1.0,1.0,0,0)
DispatchKey(1426252,1426252,0,23,0,0,-1,0)
DispatchKey(1426256,1426256,1,23,0,0,-1,0)
DispatchFlip(false)
DispatchTrackball(-1,1426333,2,2.0,1.0,0.0,0.0,0,1.0,1.0,0,0)
DispatchTrackball(-1,1426337,2,-1.0,-3.0,0.0,0.0,0,1.0,1.0,0,0)
DispatchTrackball(-1,1426344,2,-1.0,-4.0,0.0,0.0,0,1.0,1.0,0,0)
DispatchTrackball(-1,1426349,2,3.0,-2.0,0.0,0.0,0,1.0,1.0,0,0)
DispatchTrackball(-1,1426358,2,4.0,3.0,0.0,0.0,0,1.0,1.0,0,0)
DispatchTrackball(-1,1426364,2,-5.0,1.0,0.0,0.0,0,1.0,1.0,0,0)
DispatchTrackball(-1,1426370,2,-5.0,2.0,0.0,0.0,0,1.0,1.0,0,0)
DispatchTrackball(-1,1426384,2,-5.0,4.0,0.0,0.0,0,1.0,1.0,0,0)
DispatchTrackball(-1,1426387,2,-4.0,3.0,0.0,0.0,0,1.0,1.0,0,0)
DispatchTrackball(-1,1426389,2,-3.0,2.0,0.0,0.0,0,1.0,1.0,0,0)
DispatchTrackball(1426333,1426401,0,0.0,0.0,0.0,0.0,0,1.0,1.0,0,0)
DispatchTrackball(1426333,1426411,1,0.0,0.0,0.0,0.0,0,1.0,1.0,0,0)
DispatchKey(1426425,1426425,0,23,0,0,-1,0)
DispatchKey(1426438,1426438,1,23,0,0,-1,0)
DispatchKey(1426445,1426445,0,19,0,0,-1,0)
DispatchKey(1426451,1426451,1,19,0,0,-1,0)
DispatchPointer(1426463,1426463,0,41.0,172.0,0.0,0.0,0,1.0,1.0,0,0)
DispatchPointer(1426463,1426473,1,45.092823,165.21498,0.0,0.0,0,1.0,1.0,0,0)
DispatchKey(1426477,1426477,0,82,0,0,-1,0)
DispatchKey(1426505,1426505,1,82,0,0,-1,0)
DispatchPointer(1426533,1426534,0,63.0,161.0,0.0,0.0,0,1.0,1.0,0,0)
DispatchPointer(1426533,1426553,2,61.72537,166.31526,0.0,0.0,0,1.0,1.0,0,0)
DispatchPointer(1426533,1426556,2,60.541294,171.68382,0.0,0.0,0,1.0,1.0,0,0)
DispatchPointer(1426533,1426559,2,57.25679,173.05145,0.0,0.0,0,1.0,1.0,0,0)
DispatchPointer(1426533,1426569,2,52.91635,175.8795,0.0,0.0,0,1.0,1.0,0,0)
DispatchPointer(1426533,1426584,1,48.394394,178.7241,0.0,0.0,0,1.0,1.0,0,0)
DispatchKey(1426597,1426597,0,21,0,0,-1,0)
DispatchKey(1426605,1426605,1,21,0,0,-1,0)
DispatchKey(1426635,1426635,0,82,0,0,-1,0)
DispatchKey(1426649,1426649,1,82,0,0,-1,0)
DispatchPointer(1426672,1426673,0,132.0,245.0,0.0,0.0,0,1.0,1.0,0,0)
DispatchPointer(1426672,1426686,2,126.47981,254.82915,0.0,0.0,0,1.0,1.0,0,0)
DispatchPointer(1426672,1426695,2,123.22517,256.78992,0.0,0.0,0,1.0,1.0,0,0)
DispatchPointer(1426672,1426713,2,119.658195,261.87894,0.0,0.0,0,1.0,1.0,0,0)
DispatchPointer(1426672,1426718,2,117.53269,270.5869,0.0,0.0,0,1.0,1.0,0,0)
DispatchPointer(1426672,1426733,2,117.03306,275.8396,0.0,0.0,0,1.0,1.0,0,0)
DispatchPointer(1426672,1426741,2,114.35768,285.22556,0.0,0.0,0,1.0,1.0,0,0)
DispatchPointer(1426672,1426744,2,108.82953,290.69965,0.0,0.0,0,1.0,1.0,0,0)
DispatchPointer(1426672,1426754,2,106.0674,299.07736,0.0,0.0,0,1.0,1.0,0,0)
DispatchPointer(1426672,1426757,2,97.74507,300.87695,0.0,0.0,0,1.0,1.0,0,0)
DispatchPointer(1426672,1426774,1,96.01474,305.0681,0.0,0.0,0,1.0,1.0,0,0)
DispatchTrackball(-1,1426789,2,4.0,-4.0,0.0,0.0,0,1.0,1.0,0,0)
DispatchTrackball(-1,1426796,2,3.0,-2.0,0.0,0.0,0,1.0,1.0,0,0)
DispatchTrackball(-1,1426799,2,1.0,-4.0,0.0,0.0,0,1.0,1.0,0,0)
DispatchTrackball(-1,1426803,2,2.0,-2.0,0.0,0.0,0,1.0,1.0,0,0)
DispatchTrackball(-1,1426806,2,-5.0,0.0,0.0,0.0,0,1.0,1.0,0,0)
DispatchTrackball(-1,1426808,2,1.0,1.0,0.0,0.0,0,1.0,1.0,0,0)
DispatchTrackball(-1,1426814,2,-2.0,2.0,0.0,0.0,0,1.0,1.0,0,0)
DispatchTrackball(-1,1426821,2,2.0,-5.0,0.0,0.0,0,1.0,1.0,0,0)
DispatchTrackball(-1,1426824,2,-5.0,1.0,0.0,0.0,0,1.0,1.0,0,0)
DispatchTrackball(-1,1426841,2,-2.0,1.0,0.0,0.0,0,1.0,1.0,0,0)
DispatchKey(1426848,1426848,0,21,0,0,-1,0)
DispatchKey(1426904,1426904,1,21,0,0,-1,0)
DispatchKey(1426932,1426932,0,22,0,0,-1,0)
DispatchKey(1426936,1426936,1,22,0,0,-1,0)
DispatchPointer(1426957,1426957,0,130.0,380.0,0.0,0.0,0,1.0,1.0,0,0)
DispatchPointer(1426957,1426966,1,132.26996,370.99078,0.0,0.0,0,1.0,1.0,0,0)
DispatchTrackball(-1,1426977,2,2.0,2.0,0.0,0.0,0,1.0,1.0,0,0)
DispatchTrackball(-1,1426983,2,-4.0,-1.0,0.0,0.0,0,1.0,1.0,0,0)
DispatchTrackball(-1,1426988,2,-5.0,-5.0,0.0,0.0,0,1.0,1.0,0,0)
DispatchTrackball(-1,1426991,2,0.0,-1.0,0.0,0.0,0,1.0,1.0,0,0)
DispatchTrackball(-1,1426996,2,-2.0,-2.0,0.0,0.0,0,1.0,1.0,0,0)
DispatchTrackball(-1,1427003,2,0.0,-2.0,0.0,0.0,0,1.0,1.0,0,0)
DispatchTrackball(-1,1427006,2,-3.0,4.0,0.0,0.0,0,1.0,1.0,0,0)
DispatchTrackball(-1,1427009,2,-5.0,4.0,0.0,0.0,0,1.0,1.0,0,0)
DispatchTrackball(-1,1427012,2,-3.0,3.0,0.0,0.0,0,1.0,1.0,0,0)
DispatchTrackball(-1,1427015,2,-1.0,3.0,0.0,0.0,0,1.0,1.0,0,0)
DispatchKey(1427023,1427023,0,21,0,0,-1,0)
DispatchKey(1427197,1427197,1,21,0,0,-1,0)
DispatchKey(1427206,1427206,0,82,0,0,-1,0)
DispatchKey(1427224,1427224,1,82,0,0,-1,0)
DispatchTrackball(-1,1427240,2,-3.0,0.0,0.0,0.0,0,1.0,1.0,0,0)
DispatchTrackball(-1,1427244,2,1.0,-5.0,0.0,0.0,0,1.0,1.0,0,0)
DispatchTrackball(-1,1427246,2,4.0,-2.0,0.0,0.0,0,1.0,1.0,0,0)
DispatchTrackball(-1,1427260,2,3.0,-1.0,0.0,0.0,0,1.0,1.0,0,0)
DispatchTrackball(-1,1427269,2,-4.0,-1.0,0.0,0.0,0,1.0,1.0,0,0)
DispatchTrackball(-1,1427283,2,0.0,2.0,0.0,0.0,0,1.0,1.0,0,0)
DispatchTrackball(-1,1427289,2,-1.0,1.0,0.0,0.0,0,1.0,1.0,0,0)
DispatchTrackball(-1,1427302,2,4.0,-1.0,0.0,0.0,0,1.0,1.0,0,0)
DispatchTrackball(-1,1427304,2,-2.0,4.0,0.0,0.0,0,1.0,1.0,0,0)
DispatchTrackball(-1,1427307,2,-4.0,0.0,0.0,0.0,0,1.0,1.0,0,0)
DispatchKey(1427314,1427314,0,20,0,0,-1,0)
DispatchKey(1427526,1427526,1,20,0,0,-1,0)
DispatchKey(1427566,1427566,0,23,0,0,-1,0)
DispatchKey(1427580,1427580,1,23,0,0,-1,0)
DispatchPointer(1427594,1427594,0,154.0,512.0,0.0,0.0,0,1.0,1.0,0,0)
DispatchPointer(1427594,1427598,1,154.93117,498.9491,0.0,0.0,0,1.0,1.0,0,0)
DispatchKey(1427603,1427603,0,23,0,0,-1,0)
DispatchKey(1427622,1427622,1,23,0,0,-1,0)
DispatchKey(1427644,1427644,0,22,0,0,-1,0)
DispatchKey(1427655,1427655,1,22,0,0,-1,0)
DispatchKey(1427667,1427667,0,19,0,0,-1,0)
DispatchKey(1427676,1427676,1,19,0,0,-1,0)
DispatchKey(1427683,1427683,0,21,0,0,-1,0)
DispatchKey(1427690,1427690,1,21,0,0,-1,0)
DispatchKey(1427699,1427699,0,82,0,0,-1,0)
DispatchKey(1427706,1427706,1,82,0,0,-1,0)
DispatchKey(1427740,1427740,0,19,0,0,-1,0)
DispatchKey(1427768,1427768,1,19,0,0,-1,0)
DispatchKey(1427783,1427783,0,47,0,0,-1,0)
DispatchKey(1427796,1427796,1,47,0,0,-1,0)
DispatchKey(1427804,1427804,0,21,0,0,-1,0)
DispatchKey(1427809,1427809,1,21,0,0,-1,0)
DispatchPointer(1427838,1427838,0,308.0,86.0,0.0,0.0,0,1.0,1.0,0,0)
DispatchPointer(1427838,1427849,1,314.19785,85.70402,0.0,0.0,0,1.0,1.0,0,0)
DispatchKey(1427855,1427855,0,82,0,0,-1,0)
DispatchKey(1428111,1428111,1,82,0,0,-1,0)
DispatchKey(1428130,1428130,0,23,0,0,-1,0)
DispatchKey(1428154,1428154,1,23,0,0,-1,0)
DispatchKey(1428184,1428184,0,22,0,0,-1,0)
DispatchKey(1428202,1428202,1,22,0,0,-1,0)
DispatchTrackball(-1,1428227,2,2.0,-2.0,0.0,0.0,0,1.0,1.0,0,0)
DispatchTrackball(-1,1428234,2,0.0,-4.0,0.0,0.0,0,1.0,1.0,0,0)
DispatchTrackball(-1,1428249,2,2.0,3.0,0.0,0.0,0,1.0,1.0,0,0)
DispatchTrackball(-1,1428262,2,-5.0,3.0,0.0,0.0,0,1.0,1.0,0,0)
DispatchTrackball(-1,1428268,2,4.0,-2.0,0.0,0.0,0,1.0,1.0,0,0)
DispatchTrackball(-1,1428290,2,-5.0,-5.0,0.0,0.0,0,1.0,1.0,0,0)
DispatchTrackball(-1,1428298,2,4.0,-2.0,0.0,0.0,0,1.0,1.0,0,0)
DispatchTrackball(-1,1428308,2,-1.0,-2.0,0.0,0.0,0,1.0,1.0,0,0)
DispatchTrackball(-1,1428368,2,-3.0,2.0,0.0,0.0,0,1.0,1.0,0,0)
DispatchTrackball(-1,1428383,2,1.0,2.0,0.0,0.0,0,1.0,1.0,0,0)
GUIGen(4)
DispatchPointer(1439737,1439737,0,300.0,23.0,0.0,0.0,0,1.0,1.0,0,0)
DispatchPointer(1439737,1439746,1,280.59283,31.638596,0.0,0.0,0,1.0,1.0,0,0)
DispatchKey(1439755,1439755,0,82,0,0,-1,0)
DispatchKey(1439779,1439779,1,82,0,0,-1,0)
DispatchKey(1439788,1439788,0,21,0,0,-1,0)
DispatchKey(1439793,1439793,1,21,0,0,-1,0)
DispatchKey(1439923,1439923,0,103,0,0,-1,0)
DispatchKey(1439931,1439931,1,103,0,0,-1,0)
DispatchKey(1439946,1439946,0,23,0,0,-1,0)
DispatchKey(1439968,1439968,1,23,0,0,-1,0)
DispatchKey(1439979,1439979,0,20,0,0,-1,0)
DispatchKey(1439994,1439994,1,20,0,0,-1,0)
DispatchKey(1440002,1440002,0,48,0,0,-1,0)
DispatchKey(1440011,1440011,1,48,0,0,-1,0)
DispatchKey(1440022,1440022,0,20,0,0,-1,0)
DispatchKey(1440026,1440026,1,20,0,0,-1,0)
DispatchKey(1440035,1440035,0,19,0,0,-1,0)
DispatchKey(1440043,1440043,1,19,0,0,-1,0)
DispatchPointer(1440058,1440059,0,245.0,320.0,0.0,0.0,0,1.0,1.0,0,0)
DispatchPointer(1440058,1440074,261,246.49405,302.03418,0.0,0.0,0,1.0,1.0,0,0)
DispatchPointer(1440058,1440078,2,247.47444,291.396,0.0,0.0,0,1.0,1.0,0,0)
DispatchPointer(1440058,1440082,2,248.91342,278.63983,0.0,0.0,0,1.0,1.0,0,0)
DispatchPointer(1440058,1440086,262,250.18573,264.55222,0.0,0.0,0,1.0,1.0,0,0)
DispatchPointer(1440058,1440089,1,250.28824,244.89603,0.0,0.0,0,1.0,1.0,0,0)
DispatchKey(1440095,1440095,0,19,0,0,-1,0)
DispatchKey(1440131,1440131,1,19,0,0,-1,0)
DispatchKey(1440354,1440354,0,23,0,0,-1,0)
DispatchKey(1440411,1440411,1,23,0,0,-1,0)
DispatchTrackball(-1,1440426,2,3.0,3.0,0.0,0.0,0,1.0,1.0,0,0)
DispatchTrackball(-1,1440432,2,0.0,4.0,0.0,0.0,0,1.0,1.0,0,0)
DispatchTrackball(-1,1440439,2,4.0,2.0,0.0,0.0,0,1.0,1.0,0,0)
DispatchTrackball(-1,1440445,2,4.0,0.0,0.0,0.0,0,1.0,1.0,0,0)
DispatchTrackball(-1,1440448,2,1.0,1.0,0.0,0.0,0,1.0,1.0,0,0)
DispatchTrackball(-1,1440452,2,-2.0,0.0,0.0,0.0,0,1.0,1.0,0,0)
DispatchTrackball(-1,1440454,2,1.0,-3.0,0.0,0.0,0,1.0,1.0,0,0)
DispatchTrackball(-1,1440457,2,4.0,0.0,0.0,0.0,0,1.0,1.0,0,0)
DispatchTrackball(-1,1440459,2,-1.0,2.0,0.0,0.0,0,1.0,1.0,0,0)
DispatchTrackball(-1,1440478,2,2.0,-3.0,0.0,0.0,0,1.0,1.0,0,0)
DispatchKey(1440491,1440491,0,49,0,0,-1,0)
DispatchKey(1440506,1440506,1,49,0,0,-1,0)
DispatchKey(1440561,1440561,0,23,0,0,-1,0)
DispatchKey(1440692,1440692,1,23,0,0,-1,0)
DispatchPointer(1440735,1440740,0,48.0,479.0,0.0,0.0,0,1.0,1.0,0,0)
DispatchPointer(1440735,1440754,2,50.592403,477.62906,0.0,0.0,0,1.0,1.0,0,0)
