type= raw events
count= -1
speed= 1.0
start data >>
LaunchActivity(com.autostart,com.autostart.AutoStartActivity)
DispatchPointer(1569826,1569827,0,29.0,542.0,0.0,0.0,0,1.0,1.0,0,0)
DispatchPointer(1569826,1569916,1,26.58897,539.8631,0.0,0.0,0,1.0,1.0,0,0)
DispatchKey(1569958,1569958,0,23,0,0,-1,0)
DispatchKey(1571711,1571711,1,23,0,0,-1,0)
DispatchPointer(1571776,1571776,0,60.0,62.0,0.0,0.0,0,1.0,1.0,0,0)
DispatchPointer(1571776,1571782,2,60.539238,63.67391,0.0,0.0,0,1.0,1.0,0,0)
DispatchPointer(1571776,1571789,2,62.611736,63.953712,0.0,0.0,0,1.0,1.0,0,0)
DispatchPointer(1571776,1571812,2,63.453526,64.859634,0.0,0.0,0,1.0,1.0,0,0)
DispatchPointer(1571776,1571816,2,64.17071,66.40216,0.0,0.0,0,1.0,1.0,0,0)
DispatchPointer(1571776,1571821,1,66.114395,67.02458,0.0,0.0,0,1.0,1.0,0,0)
DispatchKey(1571831,1571831,0,19,0,0,-1,0)
DispatchKey(1571856,1571856,1,19,0,0,-1,0)
DispatchPointer(1571870,1571870,0,51.0,407.0,0.0,0.0,0,1.0,1.0,0,0)
DispatchPointer(1571870,1571877,1,55.87221,404.73383,0.0,0.0,0,1.0,1.0,0,0)
DispatchTrackball(-1,1571886,2,-4.0,0.0,0.0,0.0,0,1.0,1.0,0,0)
DispatchTrackball(-1,1571889,2,-3.0,-2.0,0.0,0.0,0,1.0,1.0,0,0)
DispatchTrackball(-1,1571896,2,3.0,2.0,0.0,0.0,0,1.0,1.0,0,0)
DispatchTrackball(-1,1571899,2,0.0,-1.0,0.0,0.0,0,1.0,1.0,0,0)
DispatchTrackball(-1,1571904,2,-4.0,-3.0,0.0,0.0,0,1.0,1.0,0,0)
DispatchTrackball(-1,1571907,2,4.0,2.0,0.0,0.0,0,1.0,1.0,0,0)
DispatchTrackball(-1,1571912,2,-5.0,4.0,0.0,0.0,0,1.0,1.0,0,0)
DispatchTrackball(-1,1571915,2,4.0,0.0,0.0,0.0,0,1.0,1.0,0,0)
DispatchTrackball(-1,1571919,2,1.0,-2.0,0.0,0.0,0,1.0,1.0,0,0)
DispatchTrackball(-1,1571922,2,-2.0,-2.0,0.0,0.0,0,1.0,1.0,0,0)
DispatchTrackball(1571886,1571925,0,0.0,0.0,0.0,0.0,0,1.0,1.0,0,0)
DispatchTrackball(1571886,1571931,1,0.0,0.0,0.0,0.0,0,1.0,1.0,0,0)
DispatchTrackball(-1,1571949,2,3.0,-4.0,0.0,0.0,0,1.0,1.0,0,0)
DispatchTrackball(-1,1571972,2,0.0,3.0,0.0,0.0,0,1.0,1.0,0,0)
DispatchTrackball(-1,1571992,2,1.0,-3.0,0.0,0.0,0,1.0,1.0,0,0)
DispatchTrackball(-1,1571995,2,1.0,0.0,0.0,0.0,0,1.0,1.0,0,0)
DispatchTrackball(-1,1572000,2,-5.0,-4.0,0.0,0.0,0,1.0,1.0,0,0)
DispatchTrackball(-1,1572007,2,-4.0,-4.0,0.0,0.0,0,1.0,1.0,0,0)
DispatchTrackball(-1,1572012,2,1.0,-2.0,0.0,0.0,0,1.0,1.0,0,0)
DispatchTrackball(-1,1572015,2,-4.0,-2.0,0.0,0.0,0,1.0,1.0,0,0)
DispatchTrackball(-1,1572019,2,-1.0,1.0,0.0,0.0,0,1.0,1.0,0,0)
DispatchTrackball(-1,1572022,2,4.0,1.0,0.0,0.0,0,1.0,1.0,0,0)
DispatchFlip(false)
DispatchTrackball(-1,1573947,2,-1.0,2.0,0.0,0.0,0,1.0,1.0,0,0)
DispatchTrackball(-1,1574801,2,2.0,-5.0,0.0,0.0,0,1.0,1.0,0,0)
DispatchTrackball(-1,1574812,2,-3.0,1.0,0.0,0.0,0,1.0,1.0,0,0)
DispatchTrackball(-1,1574818,2,1.0,1.0,0.0,0.0,0,1.0,1.0,0,0)
DispatchTrackball(-1,1574822,2,0.0,0.0,0.0,0.0,0,1.0,1.0,0,0)
DispatchTrackball(-1,1574824,2,-2.0,3.0,0.0,0.0,0,1.0,1.0,0,0)
DispatchTrackball(-1,1574827,2,-1.0,1.0,0.0,0.0,0,1.0,1.0,0,0)
DispatchTrackball(-1,1574829,2,4.0,0.0,0.0,0.0,0,1.0,1.0,0,0)
DispatchTrackball(-1,1574833,2,-2.0,-1.0,0.0,0.0,0,1.0,1.0,0,0)
DispatchTrackball(-1,1574837,2,-2.0,-1.0,0.0,0.0,0,1.0,1.0,0,0)
DispatchTrackball(-1,1574844,2,4.0,-5.0,0.0,0.0,0,1.0,1.0,0,0)
DispatchTrackball(-1,1574847,2,-2.0,-5.0,0.0,0.0,0,1.0,1.0,0,0)
DispatchTrackball(-1,1574849,2,-4.0,-5.0,0.0,0.0,0,1.0,1.0,0,0)
DispatchTrackball(-1,1574865,2,1.0,3.0,0.0,0.0,0,1.0,1.0,0,0)
DispatchTrackball(-1,1574872,2,-5.0,-1.0,0.0,0.0,0,1.0,1.0,0,0)
DispatchTrackball(-1,1574880,2,-2.0,-1.0,0.0,0.0,0,1.0,1.0,0,0)
DispatchTrackball(-1,1574887,2,3.0,2.0,0.0,0.0,0,1.0,1.0,0,0)
DispatchTrackball(-1,1574889,2,-3.0,3.0,0.0,0.0,0,1.0,1.0,0,0)
DispatchTrackball(-1,1574893,2,0.0,4.0,0.0,0.0,0,1.0,1.0,0,0)
DispatchTrackball(-1,1574896,2,4.0,-1.0,0.0,0.0,0,1.0,1.0,0,0)
DispatchTrackball(-1,1574898,2,1.0,0.0,0.0,0.0,0,1.0,1.0,0,0)
DispatchTrackball(-1,1574904,2,-1.0,-4.0,0.0,0.0,0,1.0,1.0,0,0)
DispatchTrackball(-1,1574907,2,-4.0,-5.0,0.0,0.0,0,1.0,1.0,0,0)
DispatchTrackball(-1,1574909,2,2.0,1.0,0.0,0.0,0,1.0,1.0,0,0)
DispatchTrackball(-1,1574915,2,1.0,4.0,0.0,0.0,0,1.0,1.0,0,0)
DispatchTrackball(-1,1574918,2,-1.0,-4.0,0.0,0.0,0,1.0,1.0,0,0)
DispatchTrackball(-1,1574923,2,-1.0,-3.0,0.0,0.0,0,1.0,1.0,0,0)
DispatchTrackball(-1,1574929,2,4.0,-2.0,0.0,0.0,0,1.0,1.0,0,0)
DispatchTrackball(-1,1574934,2,-5.0,-3.0,0.0,0.0,0,1.0,1.0,0,0)
DispatchTrackball(-1,1574940,2,-5.0,-4.0,0.0,0.0,0,1.0,1.0,0,0)
DispatchKey(1574944,1574944,0,22,0,0,-1,0)
DispatchKey(1575233,1575233,1,22,0,0,-1,0)
DispatchTrackball(-1,1575294,2,-5.0,0.0,0.0,0.0,0,1.0,1.0,0,0)
DispatchTrackball(-1,1575308,2,-5.0,-2.0,0.0,0.0,0,1.0,1.0,0,0)
DispatchTrackball(-1,1575322,2,4.0,3.0,0.0,0.0,0,1.0,1.0,0,0)
DispatchTrackball(-1,1575331,2,-4.0,-2.0,0.0,0.0,0,1.0,1.0,0,0)
DispatchTrackball(-1,1575336,2,-4.0,-5.0,0.0,0.0,0,1.0,1.0,0,0)
DispatchTrackball(-1,1575339,2,-3.0,3.0,0.0,0.0,0,1.0,1.0,0,0)
DispatchTrackball(-1,1575363,2,-3.0,4.0,0.0,0.0,0,1.0,1.0,0,0)
DispatchTrackball(-1,1575366,2,1.0,1.0,0.0,0.0,0,1.0,1.0,0,0)
DispatchTrackball(-1,1575373,2,-3.0,-2.0,0.0,0.0,0,1.0,1.0,0,0)
DispatchTrackball(-1,1575376,2,-3.0,-2.0,0.0,0.0,0,1.0,1.0,0,0)
DispatchKey(1575378,1575378,0,21,0,0,-1,0)
DispatchKey(1575391,1575391,1,21,0,0,-1,0)
DispatchTrackball(-1,1575398,2,-2.0,-5.0,0.0,0.0,0,1.0,1.0,0,0)
DispatchTrackball(-1,1575404,2,-2.0,-2.0,0.0,0.0,0,1.0,1.0,0,0)
