type= raw events
count= -1
speed= 1.0
start data >>
LaunchActivity(com.autostart,com.autostart.AutoStartActivity)
DispatchTrackball(-1,1611026,2,4.0,0.0,0.0,0.0,0,1.0,1.0,0,0)
DispatchTrackball(-1,1612293,2,3.0,-4.0,0.0,0.0,0,1.0,1.0,0,0)
DispatchTrackball(-1,1612304,2,-2.0,2.0,0.0,0.0,0,1.0,1.0,0,0)
DispatchTrackball(-1,1612307,2,2.0,-5.0,0.0,0.0,0,1.0,1.0,0,0)
DispatchTrackball(-1,1612316,2,2.0,2.0,0.0,0.0,0,1.0,1.0,0,0)
DispatchTrackball(-1,1612319,2,1.0,-4.0,0.0,0.0,0,1.0,1.0,0,0)
DispatchTrackball(-1,1612332,2,-3.0,4.0,0.0,0.0,0,1.0,1.0,0,0)
DispatchTrackball(-1,1612349,2,0.0,-5.0,0.0,0.0,0,1.0,1.0,0,0)
DispatchTrackball(-1,1612371,2,-3.0,-3.0,0.0,0.0,0,1.0,1.0,0,0)
DispatchTrackball(-1,1612376,2,1.0,1.0,0.0,0.0,0,1.0,1.0,0,0)
DispatchTrackball(1611025,1612390,0,0.0,0.0,0.0,0.0,0,1.0,1.0,0,0)
DispatchTrackball(1611025,1612393,1,0.0,0.0,0.0,0.0,0,1.0,1.0,0,0)
DispatchKey(1612427,1612427,0,22,0,0,-1,0)
DispatchKey(1612516,1612516,1,22,0,0,-1,0)
DispatchPointer(1613042,1613042,0,167.0,476.0,0.0,0.0,0,1.0,1.0,0,0)
DispatchPointer(1613042,1613059,1,162.05658,476.45612,0.0,0.0,0,1.0,1.0,0,0)
DispatchKey(1613067,1613067,0,19,0,0,-1,0)
DispatchKey(1613255,1613255,1,19,0,0,-1,0)
DispatchKey(1613269,1613269,0,19,0,0,-1,0)
DispatchKey(1613302,1613302,1,19,0,0,-1,0)
DispatchKey(1613338,1613338,0,212,0,0,-1,0)
DispatchKey(1613350,1613350,1,212,0,0,-1,0)
DispatchTrackball(-1,1613366,2,-1.0,-4.0,0.0,0.0,0,1.0,1.0,0,0)
DispatchTrackball(-1,1613374,2,-2.0,0.0,0.0,0.0,0,1.0,1.0,0,0)
DispatchTrackball(-1,1613387,2,1.0,0.0,0.0,0.0,0,1.0,1.0,0,0)
DispatchTrackball(-1,1613393,2,3.0,-5.0,0.0,0.0,0,1.0,1.0,0,0)
DispatchTrackball(-1,1613396,2,4.0,4.0,0.0,0.0,0,1.0,1.0,0,0)
DispatchTrackball(-1,1613398,2,4.0,2.0,0.0,0.0,0,1.0,1.0,0,0)
DispatchTrackball(-1,1613407,2,0.0,2.0,0.0,0.0,0,1.0,1.0,0,0)
DispatchTrackball(-1,1613417,2,1.0,1.0,0.0,0.0,0,1.0,1.0,0,0)
DispatchTrackball(-1,1613421,2,-5.0,0.0,0.0,0.0,0,1.0,1.0,0,0)
DispatchTrackball(-1,1613434,2,1.0,3.0,0.0,0.0,0,1.0,1.0,0,0)
DispatchTrackball(1613366,1613441,0,0.0,0.0,0.0,0.0,0,1.0,1.0,0,0)
DispatchTrackball(1613366,1613451,1,0.0,0.0,0.0,0.0,0,1.0,1.0,0,0)
DispatchPointer(1613486,1613487,0,62.0,75.0,0.0,0.0,0,1.0,1.0,0,0)
DispatchPointer(1613486,1613501,1,62.31552,74.92796,0.0,0.0,0,1.0,1.0,0,0)
DispatchPointer(1613523,1613523,0,151.0,473.0,0.0,0.0,0,1.0,1.0,0,0)
DispatchPointer(1613523,1613531,1,142.30234,480.43524,0.0,0.0,0,1.0,1.0,0,0)
