type= raw events
count= -1
speed= 1.0
start data >>
DispatchKey(962298,962298,0,21,0,0,-1,0)
DispatchKey(963272,963272,1,21,0,0,-1,0)
DispatchPointer(963471,963472,0,107.0,20.0,0.0,0.0,0,1.0,1.0,0,0)
DispatchPointer(963471,963494,2,125.217575,21.75476,0.0,0.0,0,1.0,1.0,0,0)
DispatchPointer(963471,963502,2,127.278175,25.691734,0.0,0.0,0,1.0,1.0,0,0)
DispatchPointer(963471,963505,2,147.33792,30.408146,0.0,0.0,0,1.0,1.0,0,0)
DispatchPointer(963471,963508,2,148.06839,30.575478,0.0,0.0,0,1.0,1.0,0,0)
DispatchPointer(963471,963540,2,164.07314,31.802053,0.0,0.0,0,1.0,1.0,0,0)
DispatchPointer(963471,963553,2,174.69409,34.839104,0.0,0.0,0,1.0,1.0,0,0)
DispatchPointer(963471,963577,2,184.97844,39.286568,0.0,0.0,0,1.0,1.0,0,0)
DispatchPointer(963471,963581,1,205.15471,39.497517,0.0,0.0,0,1.0,1.0,0,0)
DispatchPointer(963613,963614,0,248.0,456.0,0.0,0.0,0,1.0,1.0,0,0)
DispatchPointer(963613,963637,2,247.51888,439.69418,0.0,0.0,0,1.0,1.0,0,0)
DispatchPointer(963613,963646,2,245.2469,430.51926,0.0,0.0,0,1.0,1.0,0,0)
DispatchPointer(963613,963650,2,242.73442,428.57202,0.0,0.0,0,1.0,1.0,0,0)
DispatchPointer(963613,963656,2,241.4847,420.67093,0.0,0.0,0,1.0,1.0,0,0)
DispatchPointer(963613,963661,2,239.69037,412.87448,0.0,0.0,0,1.0,1.0,0,0)
DispatchPointer(963613,963664,1,239.62125,398.32925,0.0,0.0,0,1.0,1.0,0,0)
DispatchKey(963674,963674,0,21,0,0,-1,0)
DispatchKey(963718,963718,1,21,0,0,-1,0)
DispatchKey(963973,963973,0,25,0,0,-1,0)
DispatchKey(964137,964137,1,25,0,0,-1,0)
DispatchPointer(964188,964188,0,300.0,493.0,0.0,0.0,0,1.0,1.0,0,0)
DispatchPointer(964188,964206,1,316.98053,509.2224,0.0,0.0,0,1.0,1.0,0,0)
DispatchKey(964225,964225,0,198,0,0,-1,0)
DispatchKey(964229,964229,1,198,0,0,-1,0)
DispatchKey(964275,964275,0,20,0,0,-1,0)
DispatchKey(964306,964306,1,20,0,0,-1,0)
DispatchKey(964366,964366,0,23,0,0,-1,0)
DispatchKey(964388,964388,1,23,0,0,-1,0)
DispatchKey(964428,964428,0,82,0,0,-1,0)
DispatchKey(964436,964436,1,82,0,0,-1,0)
DispatchKey(964588,964588,0,21,0,0,-1,0)
DispatchKey(964606,964606,1,21,0,0,-1,0)
DispatchKey(964641,964641,0,19,0,0,-1,0)
DispatchKey(964646,964646,1,19,0,0,-1,0)
DispatchKey(964719,964719,0,136,0,0,-1,0)
DispatchKey(964739,964739,1,136,0,0,-1,0)
DispatchKey(964961,964961,0,82,0,0,-1,0)
DispatchKey(964970,964970,1,82,0,0,-1,0)
DispatchKey(964983,964983,0,82,0,0,-1,0)
DispatchKey(965034,965034,1,82,0,0,-1,0)
DispatchFlip(false)
DispatchPointer(965152,965167,0,222.0,438.0,0.0,0.0,0,1.0,1.0,0,0)
DispatchPointer(965152,965217,1,207.54155,437.6523,0.0,0.0,0,1.0,1.0,0,0)
GUIGen(4)
DispatchKey(981149,981149,0,21,0,0,-1,0)
DispatchKey(981159,981159,1,21,0,0,-1,0)
DispatchPointer(981216,981216,0,229.0,388.0,0.0,0.0,0,1.0,1.0,0,0)
DispatchPointer(981216,981223,2,229.92528,387.73798,0.0,0.0,0,1.0,1.0,0,0)
DispatchPointer(981216,981228,1,234.54128,383.86868,0.0,0.0,0,1.0,1.0,0,0)
DispatchTrackball(-1,981236,2,-2.0,-2.0,0.0,0.0,0,1.0,1.0,0,0)
DispatchTrackball(-1,981239,2,2.0,0.0,0.0,0.0,0,1.0,1.0,0,0)
DispatchTrackball(-1,981246,2,-2.0,-5.0,0.0,0.0,0,1.0,1.0,0,0)
DispatchTrackball(-1,981254,2,-3.0,-4.0,0.0,0.0,0,1.0,1.0,0,0)
DispatchTrackball(-1,981257,2,-4.0,1.0,0.0,0.0,0,1.0,1.0,0,0)
DispatchTrackball(-1,981262,2,0.0,-4.0,0.0,0.0,0,1.0,1.0,0,0)
DispatchTrackball(-1,981265,2,1.0,-3.0,0.0,0.0,0,1.0,1.0,0,0)
DispatchTrackball(-1,981268,2,-3.0,4.0,0.0,0.0,0,1.0,1.0,0,0)
DispatchTrackball(-1,981273,2,0.0,1.0,0.0,0.0,0,1.0,1.0,0,0)
DispatchTrackball(-1,981276,2,2.0,2.0,0.0,0.0,0,1.0,1.0,0,0)
DispatchPointer(981283,981284,0,277.0,252.0,0.0,0.0,0,1.0,1.0,0,0)
DispatchPointer(981283,981290,1,282.2685,262.80365,0.0,0.0,0,1.0,1.0,0,0)
DispatchKey(981294,981294,0,22,0,0,-1,0)
DispatchKey(981482,981482,1,22,0,0,-1,0)
DispatchKey(981531,981531,0,19,0,0,-1,0)
DispatchKey(981551,981551,1,19,0,0,-1,0)
DispatchPointer(981578,981578,0,287.0,76.0,0.0,0.0,0,1.0,1.0,0,0)
DispatchPointer(981578,981584,1,274.01474,68.718735,0.0,0.0,0,1.0,1.0,0,0)
DispatchPointer(981591,981591,0,226.0,561.0,0.0,0.0,0,1.0,1.0,0,0)
DispatchPointer(981591,981594,1,216.39682,566.7851,0.0,0.0,0,1.0,1.0,0,0)
DispatchKey(981599,981599,0,23,0,0,-1,0)
DispatchKey(981614,981614,1,23,0,0,-1,0)
DispatchTrackball(-1,981635,2,-4.0,-3.0,0.0,0.0,0,1.0,1.0,0,0)
DispatchTrackball(-1,981643,2,1.0,1.0,0.0,0.0,0,1.0,1.0,0,0)
DispatchTrackball(-1,981646,2,-5.0,-5.0,0.0,0.0,0,1.0,1.0,0,0)
DispatchTrackball(-1,981649,2,-5.0,-4.0,0.0,0.0,0,1.0,1.0,0,0)
DispatchTrackball(-1,981656,2,3.0,-2.0,0.0,0.0,0,1.0,1.0,0,0)
DispatchTrackball(-1,981660,2,-5.0,-3.0,0.0,0.0,0,1.0,1.0,0,0)
DispatchTrackball(-1,981670,2,-4.0,-1.0,0.0,0.0,0,1.0,1.0,0,0)
DispatchTrackball(-1,981677,2,-1.0,-4.0,0.0,0.0,0,1.0,1.0,0,0)
DispatchTrackball(-1,981683,2,4.0,-5.0,0.0,0.0,0,1.0,1.0,0,0)
DispatchTrackball(-1,981703,2,-3.0,-2.0,0.0,0.0,0,1.0,1.0,0,0)
DispatchKey(981705,981705,0,19,0,0,-1,0)
DispatchKey(981727,981727,1,19,0,0,-1,0)
DispatchPointer(981753,981754,0,263.0,178.0,0.0,0.0,0,1.0,1.0,0,0)
DispatchPointer(981753,981758,2,251.82939,183.61359,0.0,0.0,0,1.0,1.0,0,0)
DispatchPointer(981753,981766,2,245.91682,192.38153,0.0,0.0,0,1.0,1.0,0,0)
DispatchPointer(981753,981776,2,241.21584,208.2873,0.0,0.0,0,1.0,1.0,0,0)
DispatchPointer(981753,981781,2,221.83492,209.23088,0.0,0.0,0,1.0,1.0,0,0)
DispatchPointer(981753,981785,2,209.40405,225.40523,0.0,0.0,0,1.0,1.0,0,0)
DispatchPointer(981753,981787,2,193.64996,247.68947,0.0,0.0,0,1.0,1.0,0,0)
DispatchPointer(981753,981789,1,192.19673,259.9128,0.0,0.0,0,1.0,1.0,0,0)
DispatchPointer(982953,982953,0,222.0,230.0,0.0,0.0,0,1.0,1.0,0,0)
DispatchPointer(982953,982959,2,223.10744,223.1469,0.0,0.0,0,1.0,1.0,0,0)
DispatchPointer(982953,982964,2,224.44485,215.38339,0.0,0.0,0,1.0,1.0,0,0)
DispatchPointer(982953,982968,2,244.3719,215.08823,0.0,0.0,0,1.0,1.0,0,0)
DispatchPointer(982953,982978,2,252.72295,214.43054,0.0,0.0,0,1.0,1.0,0,0)
DispatchPointer(982953,982989,2,264.81232,205.1412,0.0,0.0,0,1.0,1.0,0,0)
DispatchPointer(982953,982995,2,270.1478,204.69202,0.0,0.0,0,1.0,1.0,0,0)
DispatchPointer(982953,983000,2,275.74966,196.66275,0.0,0.0,0,1.0,1.0,0,0)
DispatchPointer(982953,983005,1,284.6439,192.91821,0.0,0.0,0,1.0,1.0,0,0)
DispatchKey(983013,983013,0,19,0,0,-1,0)
DispatchKey(983021,983021,1,19,0,0,-1,0)
DispatchTrackball(-1,983045,2,3.0,-4.0,0.0,0.0,0,1.0,1.0,0,0)
DispatchTrackball(-1,983048,2,2.0,-1.0,0.0,0.0,0,1.0,1.0,0,0)
DispatchTrackball(-1,983054,2,-4.0,-3.0,0.0,0.0,0,1.0,1.0,0,0)
DispatchTrackball(-1,983059,2,-4.0,2.0,0.0,0.0,0,1.0,1.0,0,0)
DispatchTrackball(-1,983063,2,-3.0,4.0,0.0,0.0,0,1.0,1.0,0,0)
DispatchTrackball(-1,983066,2,-5.0,3.0,0.0,0.0,0,1.0,1.0,0,0)
DispatchTrackball(-1,983075,2,3.0,0.0,0.0,0.0,0,1.0,1.0,0,0)
DispatchTrackball(-1,983078,2,0.0,-4.0,0.0,0.0,0,1.0,1.0,0,0)
DispatchTrackball(-1,983083,2,-2.0,-2.0,0.0,0.0,0,1.0,1.0,0,0)
DispatchTrackball(-1,983090,2,-3.0,4.0,0.0,0.0,0,1.0,1.0,0,0)
DispatchKey(983093,983093,0,50,0,0,-1,0)
DispatchKey(983106,983106,1,50,0,0,-1,0)
DispatchTrackball(-1,983115,2,-3.0,1.0,0.0,0.0,0,1.0,1.0,0,0)
DispatchTrackball(-1,983122,2,-3.0,2.0,0.0,0.0,0,1.0,1.0,0,0)
DispatchTrackball(-1,983125,2,-2.0,0.0,0.0,0.0,0,1.0,1.0,0,0)
DispatchTrackball(-1,983129,2,4.0,-4.0,0.0,0.0,0,1.0,1.0,0,0)
DispatchTrackball(-1,983132,2,-4.0,2.0,0.0,0.0,0,1.0,1.0,0,0)
DispatchTrackball(-1,983140,2,0.0,-4.0,0.0,0.0,0,1.0,1.0,0,0)
DispatchTrackball(-1,983144,2,-3.0,-2.0,0.0,0.0,0,1.0,1.0,0,0)
DispatchTrackball(-1,983148,2,1.0,3.0,0.0,0.0,0,1.0,1.0,0,0)
DispatchTrackball(-1,983151,2,1.0,0.0,0.0,0.0,0,1.0,1.0,0,0)
DispatchTrackball(-1,983157,2,-3.0,-2.0,0.0,0.0,0,1.0,1.0,0,0)
DispatchTrackball(983115,983161,0,0.0,0.0,0.0,0.0,0,1.0,1.0,0,0)
