type= raw events
count= -1
speed= 1.0
start data >>
DispatchKey(1049199,1049199,0,21,0,0,-1,0)
DispatchKey(1050288,1050288,1,21,0,0,-1,0)
DispatchKey(1050408,1050408,0,124,0,0,-1,0)
DispatchKey(1051040,1051040,1,124,0,0,-1,0)
DispatchKey(1051084,1051084,0,21,0,0,-1,0)
DispatchKey(1051185,1051185,1,21,0,0,-1,0)
DispatchKey(1051252,1051252,0,19,0,0,-1,0)
DispatchKey(1051277,1051277,1,19,0,0,-1,0)
DispatchKey(1051449,1051449,0,23,0,0,-1,0)
DispatchKey(1051467,1051467,1,23,0,0,-1,0)
DispatchKey(1051502,1051502,0,19,0,0,-1,0)
DispatchKey(1051518,1051518,1,19,0,0,-1,0)
DispatchKey(1051700,1051700,0,4,0,0,-1,0)
DispatchKey(1051705,1051705,1,4,0,0,-1,0)
DispatchPointer(1051764,1051766,0,200.0,209.0,0.0,0.0,0,1.0,1.0,0,0)
DispatchPointer(1051764,1051793,1,176.2892,215.35194,0.0,0.0,0,1.0,1.0,0,0)
DispatchKey(1051817,1051817,0,21,0,0,-1,0)
DispatchKey(1051882,1051882,1,21,0,0,-1,0)
DispatchTrackball(-1,1052199,2,-3.0,3.0,0.0,0.0,0,1.0,1.0,0,0)
DispatchTrackball(-1,1052220,2,4.0,-3.0,0.0,0.0,0,1.0,1.0,0,0)
DispatchTrackball(-1,1052229,2,1.0,-2.0,0.0,0.0,0,1.0,1.0,0,0)
DispatchTrackball(-1,1052232,2,-3.0,0.0,0.0,0.0,0,1.0,1.0,0,0)
DispatchTrackball(-1,1052243,2,-1.0,-4.0,0.0,0.0,0,1.0,1.0,0,0)
DispatchTrackball(-1,1052245,2,-5.0,4.0,0.0,0.0,0,1.0,1.0,0,0)
DispatchTrackball(-1,1052247,2,-4.0,0.0,0.0,0.0,0,1.0,1.0,0,0)
DispatchTrackball(-1,1052267,2,-4.0,3.0,0.0,0.0,0,1.0,1.0,0,0)
DispatchTrackball(-1,1052274,2,-3.0,-4.0,0.0,0.0,0,1.0,1.0,0,0)
DispatchTrackball(-1,1052276,2,-4.0,-5.0,0.0,0.0,0,1.0,1.0,0,0)
DispatchKey(1052283,1052283,0,147,0,0,-1,0)
DispatchKey(1052518,1052518,1,147,0,0,-1,0)
DispatchKey(1052659,1052659,0,68,0,0,-1,0)
DispatchKey(1052846,1052846,1,68,0,0,-1,0)
DispatchPointer(1052859,1052860,0,275.0,413.0,0.0,0.0,0,1.0,1.0,0,0)
DispatchPointer(1052859,1052875,2,278.77066,416.7342,0.0,0.0,0,1.0,1.0,0,0)
DispatchPointer(1052859,1052881,2,280.9416,424.91168,0.0,0.0,0,1.0,1.0,0,0)
DispatchPointer(1052859,1052886,1,281.11813,433.5688,0.0,0.0,0,1.0,1.0,0,0)
DispatchKey(1052899,1052899,0,21,0,0,-1,0)
DispatchKey(1052917,1052917,1,21,0,0,-1,0)
DispatchPointer(1053003,1053003,0,10.0,403.0,0.0,0.0,0,1.0,1.0,0,0)
DispatchPointer(1053003,1053017,1,19.910923,407.30316,0.0,0.0,0,1.0,1.0,0,0)
DispatchKey(1053034,1053034,0,20,0,0,-1,0)
DispatchKey(1053046,1053046,1,20,0,0,-1,0)
DispatchPointer(1053097,1053099,0,144.0,528.0,0.0,0.0,0,1.0,1.0,0,0)
DispatchPointer(1053097,1053103,261,146.24532,543.23846,0.0,0.0,0,1.0,1.0,0,0)
DispatchPointer(1053097,1053106,2,146.92021,546.82263,0.0,0.0,0,1.0,1.0,0,0)
DispatchPointer(1053097,1053109,2,148.24849,562.4063,0.0,0.0,0,1.0,1.0,0,0)
DispatchPointer(1053097,1053139,2,151.6275,564.36395,0.0,0.0,0,1.0,1.0,0,0)
DispatchPointer(1053097,1053166,2,152.37172,580.14404,0.0,0.0,0,1.0,1.0,0,0)
DispatchPointer(1053097,1053175,2,156.14975,590.7191,0.0,0.0,0,1.0,1.0,0,0)
DispatchPointer(1053097,1053182,262,158.04364,592.5405,0.0,0.0,0,1.0,1.0,0,0)
DispatchPointer(1053097,1053200,1,158.87674,603.5406,0.0,0.0,0,1.0,1.0,0,0)
DispatchKey(1053213,1053213,0,145,0,0,-1,0)
DispatchKey(1053222,1053222,1,145,0,0,-1,0)
DispatchKey(1053288,1053288,0,22,0,0,-1,0)
DispatchKey(1053392,1053392,1,22,0,0,-1,0)
DispatchTrackball(-1,1053528,2,4.0,-1.0,0.0,0.0,0,1.0,1.0,0,0)
DispatchTrackball(-1,1053534,2,3.0,-4.0,0.0,0.0,0,1.0,1.0,0,0)
DispatchTrackball(-1,1053550,2,2.0,3.0,0.0,0.0,0,1.0,1.0,0,0)
DispatchTrackball(-1,1053561,2,1.0,-4.0,0.0,0.0,0,1.0,1.0,0,0)
DispatchTrackball(-1,1053564,2,2.0,3.0,0.0,0.0,0,1.0,1.0,0,0)
DispatchTrackball(-1,1053566,2,-3.0,-3.0,0.0,0.0,0,1.0,1.0,0,0)
DispatchTrackball(-1,1053578,2,-2.0,0.0,0.0,0.0,0,1.0,1.0,0,0)
DispatchTrackball(-1,1053584,2,-1.0,3.0,0.0,0.0,0,1.0,1.0,0,0)
DispatchTrackball(-1,1053600,2,-2.0,-1.0,0.0,0.0,0,1.0,1.0,0,0)
DispatchTrackball(-1,1053604,2,-1.0,1.0,0.0,0.0,0,1.0,1.0,0,0)
DispatchTrackball(-1,1053607,2,0.0,-2.0,0.0,0.0,0,1.0,1.0,0,0)
DispatchTrackball(-1,1053614,2,-5.0,0.0,0.0,0.0,0,1.0,1.0,0,0)
DispatchTrackball(-1,1053618,2,-2.0,-4.0,0.0,0.0,0,1.0,1.0,0,0)
DispatchTrackball(-1,1053631,2,-4.0,-3.0,0.0,0.0,0,1.0,1.0,0,0)
DispatchTrackball(-1,1053660,2,-2.0,-3.0,0.0,0.0,0,1.0,1.0,0,0)
DispatchTrackball(-1,1053663,2,-1.0,-3.0,0.0,0.0,0,1.0,1.0,0,0)
DispatchTrackball(-1,1053672,2,-3.0,-4.0,0.0,0.0,0,1.0,1.0,0,0)
DispatchTrackball(-1,1053701,2,-3.0,3.0,0.0,0.0,0,1.0,1.0,0,0)
DispatchTrackball(-1,1053714,2,3.0,-4.0,0.0,0.0,0,1.0,1.0,0,0)
DispatchTrackball(-1,1053729,2,2.0,2.0,0.0,0.0,0,1.0,1.0,0,0)
DispatchKey(1053740,1053740,0,82,0,0,-1,0)
DispatchKey(1054020,1054020,1,82,0,0,-1,0)
DispatchKey(1054054,1054054,0,82,0,0,-1,0)
DispatchKey(1054121,1054121,1,82,0,0,-1,0)
DispatchTrackball(-1,1054171,2,-3.0,4.0,0.0,0.0,0,1.0,1.0,0,0)
DispatchTrackball(-1,1054188,2,-1.0,2.0,0.0,0.0,0,1.0,1.0,0,0)
