type= raw events
count= -1
speed= 1.0
start data >>
DispatchPointer(1394702,1394703,0,286.0,74.0,0.0,0.0,0,1.0,1.0,0,0)
DispatchPointer(1394702,1394781,2,282.11395,74.863846,0.0,0.0,0,1.0,1.0,0,0)
DispatchPointer(1394702,1394807,1,276.17584,75.46498,0.0,0.0,0,1.0,1.0,0,0)
DispatchKey(1394850,1394850,0,19,0,0,-1,0)
DispatchKey(1395556,1395556,1,19,0,0,-1,0)
DispatchKey(1395741,1395741,0,22,0,0,-1,0)
DispatchKey(1396164,1396164,1,22,0,0,-1,0)
DispatchKey(1396213,1396213,0,21,0,0,-1,0)
DispatchKey(1396228,1396228,1,21,0,0,-1,0)
DispatchPointer(1396502,1396502,0,292.0,435.0,0.0,0.0,0,1.0,1.0,0,0)
DispatchPointer(1396502,1396512,2,285.58746,429.0779,0.0,0.0,0,1.0,1.0,0,0)
DispatchPointer(1396502,1396515,1,277.99622,415.67557,0.0,0.0,0,1.0,1.0,0,0)
DispatchKey(1396550,1396550,0,82,0,0,-1,0)
DispatchKey(1396593,1396593,1,82,0,0,-1,0)
DispatchKey(1396605,1396605,0,21,0,0,-1,0)
DispatchKey(1396625,1396625,1,21,0,0,-1,0)
DispatchTrackball(-1,1396844,2,-4.0,-2.0,0.0,0.0,0,1.0,1.0,0,0)
DispatchTrackball(-1,1396850,2,4.0,1.0,0.0,0.0,0,1.0,1.0,0,0)
DispatchTrackball(-1,1396865,2,-1.0,-5.0,0.0,0.0,0,1.0,1.0,0,0)
DispatchTrackball(-1,1396884,2,1.0,4.0,0.0,0.0,0,1.0,1.0,0,0)
DispatchTrackball(-1,1396901,2,0.0,-1.0,0.0,0.0,0,1.0,1.0,0,0)
DispatchTrackball(-1,1396904,2,0.0,-1.0,0.0,0.0,0,1.0,1.0,0,0)
DispatchTrackball(-1,1396907,2,2.0,3.0,0.0,0.0,0,1.0,1.0,0,0)
DispatchTrackball(-1,1396909,2,1.0,-5.0,0.0,0.0,0,1.0,1.0,0,0)
DispatchTrackball(-1,1396915,2,-5.0,1.0,0.0,0.0,0,1.0,1.0,0,0)
DispatchTrackball(-1,1396919,2,-2.0,0.0,0.0,0.0,0,1.0,1.0,0,0)
DispatchTrackball(-1,1396929,2,2.0,-4.0,0.0,0.0,0,1.0,1.0,0,0)
DispatchTrackball(-1,1396933,2,-3.0,2.0,0.0,0.0,0,1.0,1.0,0,0)
DispatchTrackball(-1,1396938,2,1.0,-3.0,0.0,0.0,0,1.0,1.0,0,0)
DispatchTrackball(-1,1396944,2,-2.0,3.0,0.0,0.0,0,1.0,1.0,0,0)
DispatchTrackball(-1,1396969,2,-5.0,-5.0,0.0,0.0,0,1.0,1.0,0,0)
DispatchTrackball(-1,1396977,2,1.0,3.0,0.0,0.0,0,1.0,1.0,0,0)
DispatchTrackball(-1,1396983,2,3.0,1.0,0.0,0.0,0,1.0,1.0,0,0)
DispatchTrackball(-1,1396987,2,-4.0,1.0,0.0,0.0,0,1.0,1.0,0,0)
DispatchTrackball(-1,1396991,2,-2.0,-4.0,0.0,0.0,0,1.0,1.0,0,0)
DispatchTrackball(-1,1396996,2,0.0,-3.0,0.0,0.0,0,1.0,1.0,0,0)
DispatchTrackball(-1,1397005,2,0.0,0.0,0.0,0.0,0,1.0,1.0,0,0)
DispatchTrackball(-1,1397020,2,3.0,-5.0,0.0,0.0,0,1.0,1.0,0,0)
DispatchTrackball(-1,1397031,2,-1.0,4.0,0.0,0.0,0,1.0,1.0,0,0)
DispatchTrackball(-1,1397037,2,1.0,-2.0,0.0,0.0,0,1.0,1.0,0,0)
DispatchTrackball(-1,1397043,2,-5.0,2.0,0.0,0.0,0,1.0,1.0,0,0)
DispatchTrackball(-1,1397053,2,2.0,-4.0,0.0,0.0,0,1.0,1.0,0,0)
DispatchTrackball(-1,1397056,2,4.0,0.0,0.0,0.0,0,1.0,1.0,0,0)
DispatchTrackball(-1,1397059,2,-2.0,-1.0,0.0,0.0,0,1.0,1.0,0,0)
DispatchTrackball(-1,1397064,2,-2.0,-3.0,0.0,0.0,0,1.0,1.0,0,0)
DispatchTrackball(-1,1397068,2,4.0,-1.0,0.0,0.0,0,1.0,1.0,0,0)
DispatchKey(1397081,1397081,0,22,0,0,-1,0)
DispatchKey(1397094,1397094,1,22,0,0,-1,0)
DispatchKey(1397103,1397103,0,55,0,0,-1,0)
DispatchKey(1397108,1397108,1,55,0,0,-1,0)
DispatchPointer(1397126,1397126,0,75.0,426.0,0.0,0.0,0,1.0,1.0,0,0)
DispatchPointer(1397126,1397133,1,76.90599,412.1972,0.0,0.0,0,1.0,1.0,0,0)
DispatchKey(1397142,1397142,0,21,0,0,-1,0)
DispatchKey(1397303,1397303,1,21,0,0,-1,0)
DispatchPointer(1397312,1397312,0,204.0,148.0,0.0,0.0,0,1.0,1.0,0,0)
DispatchPointer(1397312,1397319,1,223.94432,137.69301,0.0,0.0,0,1.0,1.0,0,0)
DispatchPointer(1397326,1397327,0,219.0,110.0,0.0,0.0,0,1.0,1.0,0,0)
DispatchPointer(1397326,1397334,2,218.73721,108.42101,0.0,0.0,0,1.0,1.0,0,0)
DispatchPointer(1397326,1397337,2,217.60039,105.32013,0.0,0.0,0,1.0,1.0,0,0)
DispatchPointer(1397326,1397341,2,216.08806,103.48865,0.0,0.0,0,1.0,1.0,0,0)
DispatchPointer(1397326,1397344,2,214.10422,102.58094,0.0,0.0,0,1.0,1.0,0,0)
DispatchPointer(1397326,1397347,1,213.69043,99.275604,0.0,0.0,0,1.0,1.0,0,0)
DispatchKey(1397355,1397355,0,15,0,0,-1,0)
DispatchKey(1397393,1397393,1,15,0,0,-1,0)
DispatchTrackball(-1,1397414,2,0.0,0.0,0.0,0.0,0,1.0,1.0,0,0)
DispatchTrackball(-1,1397419,2,-2.0,3.0,0.0,0.0,0,1.0,1.0,0,0)
DispatchTrackball(-1,1397442,2,-5.0,2.0,0.0,0.0,0,1.0,1.0,0,0)
DispatchTrackball(-1,1397448,2,1.0,3.0,0.0,0.0,0,1.0,1.0,0,0)
DispatchTrackball(-1,1397464,2,1.0,4.0,0.0,0.0,0,1.0,1.0,0,0)
DispatchTrackball(-1,1397474,2,-2.0,-5.0,0.0,0.0,0,1.0,1.0,0,0)
DispatchTrackball(-1,1397477,2,1.0,-2.0,0.0,0.0,0,1.0,1.0,0,0)
DispatchTrackball(-1,1397505,2,1.0,-1.0,0.0,0.0,0,1.0,1.0,0,0)
DispatchTrackball(-1,1397513,2,2.0,-2.0,0.0,0.0,0,1.0,1.0,0,0)
DispatchTrackball(-1,1397517,2,-4.0,-3.0,0.0,0.0,0,1.0,1.0,0,0)
DispatchTrackball(1397414,1397533,0,0.0,0.0,0.0,0.0,0,1.0,1.0,0,0)
DispatchTrackball(1397414,1397539,1,0.0,0.0,0.0,0.0,0,1.0,1.0,0,0)
DispatchPointer(1397553,1397553,0,112.0,419.0,0.0,0.0,0,1.0,1.0,0,0)
