type= raw events
count= -1
speed= 1.0
start data >>
LaunchActivity(com.autostart,com.autostart.AutoStartActivity)
DispatchTrackball(-1,1085676,2,-4.0,-2.0,0.0,0.0,0,1.0,1.0,0,0)
DispatchTrackball(-1,1086594,2,-5.0,-3.0,0.0,0.0,0,1.0,1.0,0,0)
DispatchTrackball(-1,1086597,2,-2.0,-3.0,0.0,0.0,0,1.0,1.0,0,0)
DispatchTrackball(-1,1086610,2,4.0,-4.0,0.0,0.0,0,1.0,1.0,0,0)
DispatchTrackball(-1,1086616,2,4.0,-4.0,0.0,0.0,0,1.0,1.0,0,0)
DispatchTrackball(-1,1086643,2,-3.0,1.0,0.0,0.0,0,1.0,1.0,0,0)
DispatchTrackball(-1,1086646,2,-2.0,2.0,0.0,0.0,0,1.0,1.0,0,0)
DispatchTrackball(-1,1086649,2,4.0,-3.0,0.0,0.0,0,1.0,1.0,0,0)
DispatchTrackball(-1,1086663,2,-5.0,2.0,0.0,0.0,0,1.0,1.0,0,0)
DispatchTrackball(-1,1086683,2,3.0,1.0,0.0,0.0,0,1.0,1.0,0,0)
DispatchKey(1086686,1086686,0,19,0,0,-1,0)
DispatchKey(1086814,1086814,1,19,0,0,-1,0)
DispatchKey(1087274,1087274,0,82,0,0,-1,0)
DispatchKey(1087304,1087304,1,82,0,0,-1,0)
DispatchPointer(1087356,1087357,0,80.0,267.0,0.0,0.0,0,1.0,1.0,0,0)
DispatchPointer(1087356,1087380,1,80.042336,252.87543,0.0,0.0,0,1.0,1.0,0,0)
DispatchTrackball(-1,1087416,2,0.0,-1.0,0.0,0.0,0,1.0,1.0,0,0)
DispatchTrackball(-1,1087442,2,-1.0,-5.0,0.0,0.0,0,1.0,1.0,0,0)
DispatchTrackball(-1,1087444,2,1.0,3.0,0.0,0.0,0,1.0,1.0,0,0)
DispatchTrackball(-1,1087448,2,-3.0,-1.0,0.0,0.0,0,1.0,1.0,0,0)
DispatchTrackball(-1,1087452,2,3.0,3.0,0.0,0.0,0,1.0,1.0,0,0)
DispatchTrackball(-1,1087457,2,-3.0,-1.0,0.0,0.0,0,1.0,1.0,0,0)
DispatchTrackball(-1,1087463,2,0.0,-1.0,0.0,0.0,0,1.0,1.0,0,0)
DispatchTrackball(-1,1087467,2,4.0,1.0,0.0,0.0,0,1.0,1.0,0,0)
DispatchTrackball(-1,1087475,2,0.0,0.0,0.0,0.0,0,1.0,1.0,0,0)
DispatchTrackball(-1,1087487,2,-4.0,-4.0,0.0,0.0,0,1.0,1.0,0,0)
DispatchTrackball(1087416,1087490,0,0.0,0.0,0.0,0.0,0,1.0,1.0,0,0)
DispatchTrackball(1087416,1087494,1,0.0,0.0,0.0,0.0,0,1.0,1.0,0,0)
DispatchPointer(1087505,1087505,0,312.0,255.0,0.0,0.0,0,1.0,1.0,0,0)
DispatchPointer(1087505,1087514,2,320.0,253.55772,0.0,0.0,0,1.0,1.0,0,0)
DispatchPointer(1087505,1087517,2,320.0,248.22366,0.0,0.0,0,1.0,1.0,0,0)
DispatchPointer(1087505,1087526,2,320.0,247.92177,0.0,0.0,0,1.0,1.0,0,0)
DispatchPointer(1087505,1087534,2,320.0,241.54878,0.0,0.0,0,1.0,1.0,0,0)
DispatchPointer(1087505,1087536,1,320.0,232.77217,0.0,0.0,0,1.0,1.0,0,0)
DispatchKey(1087543,1087543,0,21,0,0,-1,0)
DispatchKey(1087592,1087592,1,21,0,0,-1,0)
DispatchKey(1087632,1087632,0,82,0,0,-1,0)
DispatchKey(1087641,1087641,1,82,0,0,-1,0)
DispatchPointer(1087675,1087675,0,81.0,638.0,0.0,0.0,0,1.0,1.0,0,0)
DispatchPointer(1087675,1087683,1,88.35663,640.0,0.0,0.0,0,1.0,1.0,0,0)
DispatchTrackball(-1,1087688,2,-3.0,-3.0,0.0,0.0,0,1.0,1.0,0,0)
DispatchTrackball(-1,1087695,2,4.0,1.0,0.0,0.0,0,1.0,1.0,0,0)
DispatchTrackball(-1,1087704,2,-5.0,4.0,0.0,0.0,0,1.0,1.0,0,0)
DispatchTrackball(-1,1087707,2,4.0,1.0,0.0,0.0,0,1.0,1.0,0,0)
DispatchTrackball(-1,1087709,2,-1.0,-5.0,0.0,0.0,0,1.0,1.0,0,0)
DispatchTrackball(-1,1087735,2,4.0,-1.0,0.0,0.0,0,1.0,1.0,0,0)
DispatchTrackball(-1,1087741,2,3.0,-5.0,0.0,0.0,0,1.0,1.0,0,0)
DispatchTrackball(-1,1087761,2,1.0,-4.0,0.0,0.0,0,1.0,1.0,0,0)
DispatchTrackball(-1,1087765,2,-3.0,2.0,0.0,0.0,0,1.0,1.0,0,0)
DispatchTrackball(-1,1087779,2,1.0,-1.0,0.0,0.0,0,1.0,1.0,0,0)
DispatchPointer(1087797,1087797,0,171.0,568.0,0.0,0.0,0,1.0,1.0,0,0)
DispatchPointer(1087797,1087824,2,175.89084,565.2891,0.0,0.0,0,1.0,1.0,0,0)
DispatchPointer(1087797,1087834,1,181.46396,555.2768,0.0,0.0,0,1.0,1.0,0,0)
DispatchTrackball(-1,1087844,2,4.0,2.0,0.0,0.0,0,1.0,1.0,0,0)
DispatchTrackball(-1,1087849,2,2.0,3.0,0.0,0.0,0,1.0,1.0,0,0)
DispatchTrackball(-1,1087852,2,-3.0,3.0,0.0,0.0,0,1.0,1.0,0,0)
DispatchTrackball(-1,1087862,2,-3.0,1.0,0.0,0.0,0,1.0,1.0,0,0)
DispatchTrackball(-1,1087869,2,4.0,4.0,0.0,0.0,0,1.0,1.0,0,0)
DispatchTrackball(-1,1087875,2,1.0,-4.0,0.0,0.0,0,1.0,1.0,0,0)
DispatchTrackball(-1,1087878,2,-3.0,-2.0,0.0,0.0,0,1.0,1.0,0,0)
DispatchTrackball(-1,1087890,2,2.0,1.0,0.0,0.0,0,1.0,1.0,0,0)
DispatchTrackball(-1,1087892,2,2.0,-4.0,0.0,0.0,0,1.0,1.0,0,0)
DispatchTrackball(-1,1087895,2,1.0,4.0,0.0,0.0,0,1.0,1.0,0,0)
DispatchPointer(1087909,1087909,0,59.0,107.0,0.0,0.0,0,1.0,1.0,0,0)
DispatchPointer(1087909,1087933,1,73.51428,107.93399,0.0,0.0,0,1.0,1.0,0,0)
DispatchKey(1087947,1087947,0,21,0,0,-1,0)
DispatchKey(1087956,1087956,1,21,0,0,-1,0)
DispatchKey(1088043,1088043,0,23,0,0,-1,0)
DispatchKey(1088056,1088056,1,23,0,0,-1,0)
DispatchPointer(1088077,1088077,0,221.0,160.0,0.0,0.0,0,1.0,1.0,0,0)
DispatchPointer(1088077,1088092,1,236.65564,152.82697,0.0,0.0,0,1.0,1.0,0,0)
DispatchTrackball(-1,1088097,2,3.0,0.0,0.0,0.0,0,1.0,1.0,0,0)
DispatchTrackball(-1,1088105,2,0.0,2.0,0.0,0.0,0,1.0,1.0,0,0)
DispatchTrackball(-1,1088107,2,3.0,-2.0,0.0,0.0,0,1.0,1.0,0,0)
DispatchTrackball(-1,1088111,2,4.0,-3.0,0.0,0.0,0,1.0,1.0,0,0)
DispatchTrackball(-1,1088115,2,2.0,0.0,0.0,0.0,0,1.0,1.0,0,0)
DispatchTrackball(-1,1088126,2,1.0,-2.0,0.0,0.0,0,1.0,1.0,0,0)
DispatchTrackball(-1,1088151,2,2.0,3.0,0.0,0.0,0,1.0,1.0,0,0)
DispatchTrackball(-1,1088156,2,-5.0,2.0,0.0,0.0,0,1.0,1.0,0,0)
DispatchTrackball(-1,1088161,2,1.0,-5.0,0.0,0.0,0,1.0,1.0,0,0)
DispatchTrackball(-1,1088165,2,0.0,1.0,0.0,0.0,0,1.0,1.0,0,0)
DispatchKey(1088172,1088172,0,22,0,0,-1,0)
DispatchKey(1088283,1088283,1,22,0,0,-1,0)
DispatchKey(1088440,1088440,0,20,0,0,-1,0)
DispatchKey(1088683,1088683,1,20,0,0,-1,0)
DispatchKey(1088730,1088730,0,23,0,0,-1,0)
DispatchKey(1088814,1088814,1,23,0,0,-1,0)
DispatchPointer(1088916,1088917,0,159.0,626.0,0.0,0.0,0,1.0,1.0,0,0)
DispatchPointer(1088916,1088927,1,154.64397,632.11127,0.0,0.0,0,1.0,1.0,0,0)
DispatchKey(1088939,1088939,0,23,0,0,-1,0)
DispatchKey(1089063,1089063,1,23,0,0,-1,0)
DispatchKey(1089124,1089124,0,19,0,0,-1,0)
DispatchKey(1089178,1089178,1,19,0,0,-1,0)
GUIGen(10)
DispatchPointer(1111796,1111796,0,231.0,120.0,0.0,0.0,0,1.0,1.0,0,0)
DispatchPointer(1111796,1111802,2,216.87492,107.35893,0.0,0.0,0,1.0,1.0,0,0)
DispatchPointer(1111796,1111812,2,209.94502,107.26185,0.0,0.0,0,1.0,1.0,0,0)
DispatchPointer(1111796,1111821,2,206.0068,99.75135,0.0,0.0,0,1.0,1.0,0,0)
DispatchPointer(1111796,1111824,1,198.80318,90.75722,0.0,0.0,0,1.0,1.0,0,0)
DispatchPointer(1111879,1111879,0,32.0,196.0,0.0,0.0,0,1.0,1.0,0,0)
DispatchPointer(1111879,1111885,1,40.05337,205.74968,0.0,0.0,0,1.0,1.0,0,0)
DispatchKey(1111889,1111889,0,24,0,0,-1,0)
DispatchKey(1111918,1111918,1,24,0,0,-1,0)
DispatchPointer(1111966,1111966,0,63.0,168.0,0.0,0.0,0,1.0,1.0,0,0)
DispatchPointer(1111966,1111986,2,56.643272,164.00966,0.0,0.0,0,1.0,1.0,0,0)
DispatchPointer(1111966,1111989,2,49.7191,160.83301,0.0,0.0,0,1.0,1.0,0,0)
DispatchPointer(1111966,1111994,2,47.304157,159.42612,0.0,0.0,0,1.0,1.0,0,0)
DispatchPointer(1111966,1112002,2,42.828762,142.72388,0.0,0.0,0,1.0,1.0,0,0)
DispatchPointer(1111966,1112010,2,40.68257,135.94347,0.0,0.0,0,1.0,1.0,0,0)
DispatchPointer(1111966,1112013,2,38.259804,125.58314,0.0,0.0,0,1.0,1.0,0,0)
DispatchPointer(1111966,1112016,2,34.501373,122.62337,0.0,0.0,0,1.0,1.0,0,0)
DispatchPointer(1111966,1112026,2,30.651365,108.23541,0.0,0.0,0,1.0,1.0,0,0)
DispatchPointer(1111966,1112029,1,25.003204,93.40849,0.0,0.0,0,1.0,1.0,0,0)
DispatchKey(1112055,1112055,0,21,0,0,-1,0)
DispatchKey(1112079,1112079,1,21,0,0,-1,0)
DispatchKey(1112147,1112147,0,69,0,0,-1,0)
DispatchKey(1112168,1112168,1,69,0,0,-1,0)
DispatchPointer(1112282,1112282,0,117.0,471.0,0.0,0.0,0,1.0,1.0,0,0)
DispatchPointer(1112282,1112299,1,119.06014,482.62863,0.0,0.0,0,1.0,1.0,0,0)
DispatchTrackball(-1,1112329,2,2.0,1.0,0.0,0.0,0,1.0,1.0,0,0)
DispatchTrackball(-1,1112391,2,-2.0,-4.0,0.0,0.0,0,1.0,1.0,0,0)
DispatchTrackball(-1,1112402,2,-2.0,0.0,0.0,0.0,0,1.0,1.0,0,0)
DispatchTrackball(-1,1112404,2,-5.0,3.0,0.0,0.0,0,1.0,1.0,0,0)
DispatchTrackball(-1,1112410,2,-1.0,-2.0,0.0,0.0,0,1.0,1.0,0,0)
DispatchTrackball(-1,1112416,2,2.0,2.0,0.0,0.0,0,1.0,1.0,0,0)
DispatchTrackball(-1,1112422,2,0.0,1.0,0.0,0.0,0,1.0,1.0,0,0)
DispatchTrackball(-1,1112425,2,-3.0,4.0,0.0,0.0,0,1.0,1.0,0,0)
DispatchTrackball(-1,1112428,2,1.0,-5.0,0.0,0.0,0,1.0,1.0,0,0)
DispatchTrackball(-1,1112434,2,-4.0,-1.0,0.0,0.0,0,1.0,1.0,0,0)
DispatchPointer(1112438,1112438,0,176.0,318.0,0.0,0.0,0,1.0,1.0,0,0)
DispatchPointer(1112438,1112446,1,177.12033,305.13416,0.0,0.0,0,1.0,1.0,0,0)
DispatchPointer(1112464,1112464,0,45.0,167.0,0.0,0.0,0,1.0,1.0,0,0)
DispatchPointer(1112464,1112474,1,45.120842,158.1577,0.0,0.0,0,1.0,1.0,0,0)
DispatchPointer(1112482,1112482,0,307.0,546.0,0.0,0.0,0,1.0,1.0,0,0)
DispatchPointer(1112482,1112486,1,303.8188,549.19543,0.0,0.0,0,1.0,1.0,0,0)
DispatchPointer(1112494,1112494,0,155.0,459.0,0.0,0.0,0,1.0,1.0,0,0)
DispatchPointer(1112494,1112497,1,146.05423,467.5594,0.0,0.0,0,1.0,1.0,0,0)
DispatchKey(1112502,1112502,0,23,0,0,-1,0)
DispatchKey(1112917,1112917,1,23,0,0,-1,0)
DispatchTrackball(-1,1113284,2,-4.0,0.0,0.0,0.0,0,1.0,1.0,0,0)
DispatchTrackball(-1,1113302,2,-1.0,-2.0,0.0,0.0,0,1.0,1.0,0,0)
DispatchTrackball(-1,1113309,2,-3.0,0.0,0.0,0.0,0,1.0,1.0,0,0)
DispatchTrackball(-1,1113312,2,4.0,-3.0,0.0,0.0,0,1.0,1.0,0,0)
DispatchTrackball(-1,1113315,2,-5.0,0.0,0.0,0.0,0,1.0,1.0,0,0)
DispatchTrackball(-1,1113318,2,1.0,2.0,0.0,0.0,0,1.0,1.0,0,0)
DispatchTrackball(-1,1113323,2,0.0,3.0,0.0,0.0,0,1.0,1.0,0,0)
DispatchTrackball(-1,1113357,2,2.0,2.0,0.0,0.0,0,1.0,1.0,0,0)
DispatchTrackball(-1,1113359,2,3.0,3.0,0.0,0.0,0,1.0,1.0,0,0)
DispatchTrackball(-1,1113372,2,-3.0,-4.0,0.0,0.0,0,1.0,1.0,0,0)
DispatchPointer(1113377,1113377,0,132.0,154.0,0.0,0.0,0,1.0,1.0,0,0)
DispatchPointer(1113377,1113387,2,124.38408,155.95665,0.0,0.0,0,1.0,1.0,0,0)
DispatchPointer(1113377,1113389,2,120.93775,157.85378,0.0,0.0,0,1.0,1.0,0,0)
DispatchPointer(1113377,1113402,2,114.052284,161.74365,0.0,0.0,0,1.0,1.0,0,0)
DispatchPointer(1113377,1113405,2,109.32485,162.29747,0.0,0.0,0,1.0,1.0,0,0)
DispatchPointer(1113377,1113407,1,106.1723,163.35062,0.0,0.0,0,1.0,1.0,0,0)
DispatchTrackball(-1,1113432,2,-3.0,3.0,0.0,0.0,0,1.0,1.0,0,0)
DispatchTrackball(-1,1113442,2,1.0,-1.0,0.0,0.0,0,1.0,1.0,0,0)
DispatchTrackball(-1,1113445,2,3.0,3.0,0.0,0.0,0,1.0,1.0,0,0)
DispatchTrackball(-1,1113447,2,-5.0,3.0,0.0,0.0,0,1.0,1.0,0,0)
DispatchTrackball(-1,1113455,2,2.0,-2.0,0.0,0.0,0,1.0,1.0,0,0)
DispatchTrackball(-1,1113457,2,0.0,-1.0,0.0,0.0,0,1.0,1.0,0,0)
DispatchTrackball(-1,1113461,2,3.0,4.0,0.0,0.0,0,1.0,1.0,0,0)
DispatchTrackball(-1,1113463,2,2.0,3.0,0.0,0.0,0,1.0,1.0,0,0)
DispatchTrackball(-1,1113466,2,4.0,-3.0,0.0,0.0,0,1.0,1.0,0,0)
DispatchTrackball(-1,1113475,2,0.0,-4.0,0.0,0.0,0,1.0,1.0,0,0)
DispatchKey(1113494,1113494,0,22,0,0,-1,0)
DispatchKey(1114131,1114131,1,22,0,0,-1,0)
DispatchKey(1114502,1114502,0,80,0,0,-1,0)
DispatchKey(1114590,1114590,1,80,0,0,-1,0)
DispatchKey(1114683,1114683,0,115,0,0,-1,0)
DispatchKey(1114741,1114741,1,115,0,0,-1,0)
DispatchPointer(1114747,1114747,0,260.0,239.0,0.0,0.0,0,1.0,1.0,0,0)
DispatchPointer(1114747,1114774,2,259.74527,237.13712,0.0,0.0,0,1.0,1.0,0,0)
DispatchPointer(1114747,1114779,2,259.3565,215.22523,0.0,0.0,0,1.0,1.0,0,0)
DispatchPointer(1114747,1114796,2,258.93024,195.93982,0.0,0.0,0,1.0,1.0,0,0)
DispatchPointer(1114747,1114799,2,258.4474,183.84502,0.0,0.0,0,1.0,1.0,0,0)
DispatchPointer(1114747,1114804,2,257.8986,180.42351,0.0,0.0,0,1.0,1.0,0,0)
DispatchPointer(1114747,1114807,2,257.43784,169.88725,0.0,0.0,0,1.0,1.0,0,0)
DispatchPointer(1114747,1114821,2,257.35605,166.84306,0.0,0.0,0,1.0,1.0,0,0)
DispatchPointer(1114747,1114825,2,257.11752,148.10222,0.0,0.0,0,1.0,1.0,0,0)
DispatchPointer(1114747,1114827,2,256.9497,124.92896,0.0,0.0,0,1.0,1.0,0,0)
DispatchPointer(1114747,1114841,1,256.77325,112.36167,0.0,0.0,0,1.0,1.0,0,0)
DispatchKey(1114846,1114846,0,19,0,0,-1,0)
DispatchKey(1114945,1114945,1,19,0,0,-1,0)
DispatchPointer(1114977,1114977,0,134.0,371.0,0.0,0.0,0,1.0,1.0,0,0)
DispatchPointer(1114977,1114981,1,133.57501,355.6574,0.0,0.0,0,1.0,1.0,0,0)
DispatchKey(1114985,1114985,0,22,0,0,-1,0)
DispatchKey(1114998,1114998,1,22,0,0,-1,0)
DispatchKey(1115024,1115024,0,62,0,0,-1,0)
DispatchKey(1115030,1115030,1,62,0,0,-1,0)
DispatchPointer(1115057,1115057,0,275.0,133.0,0.0,0.0,0,1.0,1.0,0,0)
DispatchPointer(1115057,1115068,1,260.53256,135.94649,0.0,0.0,0,1.0,1.0,0,0)
DispatchPointer(1115077,1115077,0,298.0,92.0,0.0,0.0,0,1.0,1.0,0,0)
DispatchPointer(1115077,1115085,1,294.76688,85.68212,0.0,0.0,0,1.0,1.0,0,0)
DispatchPointer(1115094,1115094,0,248.0,538.0,0.0,0.0,0,1.0,1.0,0,0)
DispatchPointer(1115094,1115103,2,246.44151,538.01324,0.0,0.0,0,1.0,1.0,0,0)
DispatchPointer(1115094,1115108,2,245.85779,542.2667,0.0,0.0,0,1.0,1.0,0,0)
DispatchPointer(1115094,1115120,2,243.97095,546.47235,0.0,0.0,0,1.0,1.0,0,0)
DispatchPointer(1115094,1115123,2,242.57564,550.2326,0.0,0.0,0,1.0,1.0,0,0)
DispatchPointer(1115094,1115127,2,242.13925,553.0424,0.0,0.0,0,1.0,1.0,0,0)
DispatchPointer(1115094,1115141,2,241.06218,553.91064,0.0,0.0,0,1.0,1.0,0,0)
DispatchPointer(1115094,1115170,2,240.4236,554.19037,0.0,0.0,0,1.0,1.0,0,0)
DispatchPointer(1115094,1115175,2,238.9304,555.78186,0.0,0.0,0,1.0,1.0,0,0)
DispatchPointer(1115094,1115177,1,238.616,558.2901,0.0,0.0,0,1.0,1.0,0,0)
GUIGen(1)
DispatchKey(1118883,1118883,0,23,0,0,-1,0)
DispatchKey(1118888,1118888,1,23,0,0,-1,0)
DispatchPointer(1118920,1118920,0,13.0,493.0,0.0,0.0,0,1.0,1.0,0,0)
DispatchPointer(1118920,1118946,1,11.483162,505.25818,0.0,0.0,0,1.0,1.0,0,0)
DispatchPointer(1118954,1118955,0,184.0,603.0,0.0,0.0,0,1.0,1.0,0,0)
DispatchPointer(1118954,1118959,2,187.3164,615.71045,0.0,0.0,0,1.0,1.0,0,0)
DispatchPointer(1118954,1118963,2,195.09926,632.43365,0.0,0.0,0,1.0,1.0,0,0)
DispatchPointer(1118954,1118965,2,199.63673,640.0,0.0,0.0,0,1.0,1.0,0,0)
DispatchPointer(1118954,1118968,2,206.5184,640.0,0.0,0.0,0,1.0,1.0,0,0)
DispatchPointer(1118954,1118971,2,210.85818,640.0,0.0,0.0,0,1.0,1.0,0,0)
DispatchPointer(1118954,1118975,2,219.1631,640.0,0.0,0.0,0,1.0,1.0,0,0)
DispatchKey(1119013,1119013,0,21,0,0,-1,0)
DispatchKey(1119021,1119021,1,21,0,0,-1,0)
DispatchKey(1119054,1119054,0,20,0,0,-1,0)
DispatchKey(1119067,1119067,1,20,0,0,-1,0)
DispatchKey(1119079,1119079,0,82,0,0,-1,0)
DispatchKey(1119094,1119094,1,82,0,0,-1,0)
DispatchKey(1119388,1119388,0,82,0,0,-1,0)
DispatchKey(1119461,1119461,1,82,0,0,-1,0)
DispatchKey(1119466,1119466,0,82,0,0,-1,0)
DispatchKey(1119503,1119503,1,82,0,0,-1,0)
DispatchPointer(1119561,1119561,0,216.0,379.0,0.0,0.0,0,1.0,1.0,0,0)
DispatchPointer(1119561,1119577,2,214.16092,379.0242,0.0,0.0,0,1.0,1.0,0,0)
DispatchPointer(1119561,1119586,2,211.67256,379.14755,0.0,0.0,0,1.0,1.0,0,0)
DispatchPointer(1119561,1119591,2,210.05794,379.18317,0.0,0.0,0,1.0,1.0,0,0)
DispatchPointer(1119561,1119598,2,199.16759,379.3139,0.0,0.0,0,1.0,1.0,0,0)
DispatchPointer(1119561,1119603,2,197.99666,379.41763,0.0,0.0,0,1.0,1.0,0,0)
DispatchPointer(1119561,1119605,2,190.10017,379.47244,0.0,0.0,0,1.0,1.0,0,0)
DispatchPointer(1119561,1119607,2,182.99918,379.51407,0.0,0.0,0,1.0,1.0,0,0)
DispatchPointer(1119561,1119609,2,175.8443,379.51852,0.0,0.0,0,1.0,1.0,0,0)
DispatchPointer(1119561,1119613,2,172.8219,379.56613,0.0,0.0,0,1.0,1.0,0,0)
DispatchPointer(1119561,1119616,1,167.86235,379.5936,0.0,0.0,0,1.0,1.0,0,0)
DispatchKey(1119622,1119622,0,20,0,0,-1,0)
DispatchKey(1119650,1119650,1,20,0,0,-1,0)
DispatchKey(1119672,1119672,0,23,0,0,-1,0)
DispatchKey(1119700,1119700,1,23,0,0,-1,0)
DispatchKey(1119726,1119726,0,22,0,0,-1,0)
DispatchKey(1119737,1119737,1,22,0,0,-1,0)
DispatchTrackball(-1,1119957,2,-1.0,1.0,0.0,0.0,0,1.0,1.0,0,0)
DispatchTrackball(-1,1119970,2,-5.0,3.0,0.0,0.0,0,1.0,1.0,0,0)
DispatchTrackball(-1,1119973,2,-3.0,-5.0,0.0,0.0,0,1.0,1.0,0,0)
DispatchTrackball(-1,1119975,2,3.0,-1.0,0.0,0.0,0,1.0,1.0,0,0)
DispatchTrackball(-1,1119978,2,-3.0,-1.0,0.0,0.0,0,1.0,1.0,0,0)
DispatchTrackball(-1,1119989,2,-2.0,-5.0,0.0,0.0,0,1.0,1.0,0,0)
DispatchTrackball(-1,1120002,2,-5.0,-1.0,0.0,0.0,0,1.0,1.0,0,0)
DispatchTrackball(-1,1120004,2,4.0,-2.0,0.0,0.0,0,1.0,1.0,0,0)
DispatchTrackball(-1,1120006,2,-1.0,3.0,0.0,0.0,0,1.0,1.0,0,0)
DispatchTrackball(-1,1120009,2,1.0,3.0,0.0,0.0,0,1.0,1.0,0,0)
DispatchPointer(1120034,1120034,0,297.0,488.0,0.0,0.0,0,1.0,1.0,0,0)
DispatchPointer(1120034,1120039,1,294.01288,485.2964,0.0,0.0,0,1.0,1.0,0,0)
DispatchKey(1120061,1120061,0,82,0,0,-1,0)
DispatchKey(1120108,1120108,1,82,0,0,-1,0)
DispatchKey(1120152,1120152,0,19,0,0,-1,0)
DispatchKey(1120216,1120216,1,19,0,0,-1,0)
DispatchKey(1120241,1120241,0,82,0,0,-1,0)
DispatchKey(1120312,1120312,1,82,0,0,-1,0)
DispatchKey(1120319,1120319,0,20,0,0,-1,0)
DispatchKey(1120332,1120332,1,20,0,0,-1,0)
DispatchKey(1122024,1122024,0,23,0,0,-1,0)
DispatchKey(1122039,1122039,1,23,0,0,-1,0)
DispatchPointer(1122050,1122051,0,243.0,357.0,0.0,0.0,0,1.0,1.0,0,0)
DispatchPointer(1122050,1122062,2,237.18556,344.38922,0.0,0.0,0,1.0,1.0,0,0)
DispatchPointer(1122050,1122067,2,234.16655,335.6598,0.0,0.0,0,1.0,1.0,0,0)
DispatchPointer(1122050,1122071,2,228.94315,321.29333,0.0,0.0,0,1.0,1.0,0,0)
DispatchPointer(1122050,1122074,2,223.25883,303.95108,0.0,0.0,0,1.0,1.0,0,0)
DispatchPointer(1122050,1122077,2,221.4351,298.1454,0.0,0.0,0,1.0,1.0,0,0)
DispatchPointer(1122050,1122081,2,216.79659,293.72842,0.0,0.0,0,1.0,1.0,0,0)
DispatchPointer(1122050,1122086,2,216.55959,286.80664,0.0,0.0,0,1.0,1.0,0,0)
DispatchPointer(1122050,1122092,1,210.9332,275.73767,0.0,0.0,0,1.0,1.0,0,0)
DispatchPointer(1122097,1122097,0,3.0,500.0,0.0,0.0,0,1.0,1.0,0,0)
DispatchPointer(1122097,1122108,2,3.1118197,500.73032,0.0,0.0,0,1.0,1.0,0,0)
DispatchPointer(1122097,1122141,2,4.5880117,511.26508,0.0,0.0,0,1.0,1.0,0,0)
