type= raw events
count= -1
speed= 1.0
start data >>
LaunchActivity(com.autostart,com.autostart.AutoStartActivity)
DispatchKey(679652,679652,0,82,0,0,-1,0)
DispatchKey(680905,680905,1,82,0,0,-1,0)
DispatchKey(681101,681101,0,19,0,0,-1,0)
DispatchKey(681555,681555,1,19,0,0,-1,0)
DispatchKey(681587,681587,0,20,0,0,-1,0)
DispatchKey(681615,681615,1,20,0,0,-1,0)
DispatchKey(681667,681667,0,82,0,0,-1,0)
DispatchKey(681703,681703,1,82,0,0,-1,0)
DispatchPointer(681929,681931,0,127.0,515.0,0.0,0.0,0,1.0,1.0,0,0)
DispatchPointer(681929,681963,1,131.86458,509.67395,0.0,0.0,0,1.0,1.0,0,0)
DispatchTrackball(-1,681980,2,-5.0,4.0,0.0,0.0,0,1.0,1.0,0,0)
DispatchTrackball(-1,681991,2,0.0,0.0,0.0,0.0,0,1.0,1.0,0,0)
DispatchTrackball(-1,681994,2,-2.0,-2.0,0.0,0.0,0,1.0,1.0,0,0)
DispatchTrackball(-1,681997,2,2.0,-4.0,0.0,0.0,0,1.0,1.0,0,0)
DispatchTrackball(-1,682000,2,0.0,0.0,0.0,0.0,0,1.0,1.0,0,0)
DispatchTrackball(-1,682016,2,2.0,-4.0,0.0,0.0,0,1.0,1.0,0,0)
DispatchTrackball(-1,682032,2,-3.0,-4.0,0.0,0.0,0,1.0,1.0,0,0)
DispatchTrackball(-1,682046,2,0.0,2.0,0.0,0.0,0,1.0,1.0,0,0)
DispatchTrackball(-1,682051,2,0.0,-2.0,0.0,0.0,0,1.0,1.0,0,0)
DispatchTrackball(-1,682055,2,3.0,-1.0,0.0,0.0,0,1.0,1.0,0,0)
DispatchPointer(682066,682066,0,104.0,152.0,0.0,0.0,0,1.0,1.0,0,0)
DispatchPointer(682066,682079,1,113.47594,156.09688,0.0,0.0,0,1.0,1.0,0,0)
DispatchKey(682100,682100,0,23,0,0,-1,0)
DispatchKey(682146,682146,1,23,0,0,-1,0)
DispatchKey(682167,682167,0,19,0,0,-1,0)
DispatchKey(682190,682190,1,19,0,0,-1,0)
LaunchActivity(com.autostart,com.autostart.AutoStartActivity)
DispatchPointer(682223,682223,0,79.0,69.0,0.0,0.0,0,1.0,1.0,0,0)
DispatchPointer(682223,682227,2,80.79305,67.55689,0.0,0.0,0,1.0,1.0,0,0)
DispatchPointer(682223,682240,2,82.698494,67.47578,0.0,0.0,0,1.0,1.0,0,0)
DispatchPointer(682223,682244,2,85.08266,66.44022,0.0,0.0,0,1.0,1.0,0,0)
DispatchPointer(682223,682247,2,86.742,65.71458,0.0,0.0,0,1.0,1.0,0,0)
DispatchPointer(682223,682251,1,87.51963,64.893486,0.0,0.0,0,1.0,1.0,0,0)
DispatchPointer(682257,682257,0,64.0,488.0,0.0,0.0,0,1.0,1.0,0,0)
DispatchPointer(682257,682265,1,65.449936,485.6946,0.0,0.0,0,1.0,1.0,0,0)
DispatchTrackball(-1,682272,2,2.0,-1.0,0.0,0.0,0,1.0,1.0,0,0)
DispatchTrackball(-1,682275,2,1.0,-4.0,0.0,0.0,0,1.0,1.0,0,0)
DispatchTrackball(-1,682278,2,3.0,3.0,0.0,0.0,0,1.0,1.0,0,0)
DispatchTrackball(-1,682281,2,-2.0,1.0,0.0,0.0,0,1.0,1.0,0,0)
DispatchTrackball(-1,682284,2,-1.0,0.0,0.0,0.0,0,1.0,1.0,0,0)
DispatchTrackball(-1,682287,2,-2.0,2.0,0.0,0.0,0,1.0,1.0,0,0)
DispatchTrackball(-1,682291,2,-3.0,0.0,0.0,0.0,0,1.0,1.0,0,0)
DispatchTrackball(-1,682294,2,2.0,-5.0,0.0,0.0,0,1.0,1.0,0,0)
DispatchTrackball(-1,682296,2,1.0,-4.0,0.0,0.0,0,1.0,1.0,0,0)
DispatchTrackball(-1,682299,2,-4.0,0.0,0.0,0.0,0,1.0,1.0,0,0)
DispatchKey(682306,682306,0,23,0,0,-1,0)
DispatchKey(682354,682354,1,23,0,0,-1,0)
DispatchKey(682377,682377,0,22,0,0,-1,0)
DispatchKey(682392,682392,1,22,0,0,-1,0)
GUIGen(1)
DispatchTrackball(-1,685857,2,-5.0,-1.0,0.0,0.0,0,1.0,1.0,0,0)
DispatchTrackball(-1,685871,2,2.0,-3.0,0.0,0.0,0,1.0,1.0,0,0)
DispatchTrackball(-1,685882,2,-4.0,-4.0,0.0,0.0,0,1.0,1.0,0,0)
DispatchTrackball(-1,685885,2,-2.0,2.0,0.0,0.0,0,1.0,1.0,0,0)
DispatchTrackball(-1,685891,2,2.0,2.0,0.0,0.0,0,1.0,1.0,0,0)
DispatchTrackball(-1,685914,2,3.0,-3.0,0.0,0.0,0,1.0,1.0,0,0)
DispatchTrackball(-1,685954,2,-4.0,-1.0,0.0,0.0,0,1.0,1.0,0,0)
DispatchTrackball(-1,685957,2,-3.0,-2.0,0.0,0.0,0,1.0,1.0,0,0)
DispatchTrackball(-1,685959,2,0.0,2.0,0.0,0.0,0,1.0,1.0,0,0)
DispatchTrackball(-1,685964,2,-3.0,-4.0,0.0,0.0,0,1.0,1.0,0,0)
DispatchTrackball(-1,685966,2,-3.0,-4.0,0.0,0.0,0,1.0,1.0,0,0)
DispatchTrackball(-1,685976,2,3.0,-4.0,0.0,0.0,0,1.0,1.0,0,0)
DispatchTrackball(-1,685980,2,-3.0,-4.0,0.0,0.0,0,1.0,1.0,0,0)
DispatchTrackball(-1,686008,2,4.0,-3.0,0.0,0.0,0,1.0,1.0,0,0)
DispatchTrackball(-1,686013,2,-3.0,0.0,0.0,0.0,0,1.0,1.0,0,0)
DispatchTrackball(-1,686019,2,-4.0,-2.0,0.0,0.0,0,1.0,1.0,0,0)
DispatchTrackball(-1,686023,2,3.0,0.0,0.0,0.0,0,1.0,1.0,0,0)
DispatchTrackball(-1,686026,2,0.0,0.0,0.0,0.0,0,1.0,1.0,0,0)
DispatchTrackball(-1,686029,2,3.0,-5.0,0.0,0.0,0,1.0,1.0,0,0)
DispatchTrackball(-1,686034,2,1.0,4.0,0.0,0.0,0,1.0,1.0,0,0)
DispatchTrackball(-1,686050,2,-5.0,-3.0,0.0,0.0,0,1.0,1.0,0,0)
DispatchTrackball(-1,686073,2,-4.0,2.0,0.0,0.0,0,1.0,1.0,0,0)
DispatchTrackball(-1,686076,2,-5.0,-1.0,0.0,0.0,0,1.0,1.0,0,0)
DispatchTrackball(-1,686082,2,-3.0,-5.0,0.0,0.0,0,1.0,1.0,0,0)
DispatchTrackball(-1,686091,2,-3.0,-5.0,0.0,0.0,0,1.0,1.0,0,0)
DispatchTrackball(-1,686104,2,4.0,0.0,0.0,0.0,0,1.0,1.0,0,0)
DispatchTrackball(-1,686107,2,1.0,1.0,0.0,0.0,0,1.0,1.0,0,0)
DispatchTrackball(-1,686117,2,-4.0,1.0,0.0,0.0,0,1.0,1.0,0,0)
DispatchTrackball(-1,686123,2,0.0,-3.0,0.0,0.0,0,1.0,1.0,0,0)
DispatchTrackball(-1,686151,2,4.0,0.0,0.0,0.0,0,1.0,1.0,0,0)
DispatchTrackball(-1,686165,2,-4.0,4.0,0.0,0.0,0,1.0,1.0,0,0)
DispatchTrackball(-1,686169,2,4.0,0.0,0.0,0.0,0,1.0,1.0,0,0)
DispatchTrackball(-1,686181,2,0.0,2.0,0.0,0.0,0,1.0,1.0,0,0)
DispatchTrackball(-1,686191,2,-3.0,3.0,0.0,0.0,0,1.0,1.0,0,0)
DispatchTrackball(-1,686194,2,-1.0,-5.0,0.0,0.0,0,1.0,1.0,0,0)
DispatchTrackball(-1,686208,2,1.0,4.0,0.0,0.0,0,1.0,1.0,0,0)
DispatchTrackball(-1,686215,2,-2.0,0.0,0.0,0.0,0,1.0,1.0,0,0)
DispatchTrackball(-1,686218,2,2.0,-4.0,0.0,0.0,0,1.0,1.0,0,0)
DispatchTrackball(-1,686222,2,0.0,-5.0,0.0,0.0,0,1.0,1.0,0,0)
DispatchTrackball(-1,686260,2,-1.0,3.0,0.0,0.0,0,1.0,1.0,0,0)
DispatchPointer(686290,686290,0,8.0,597.0,0.0,0.0,0,1.0,1.0,0,0)
DispatchPointer(686290,686296,1,12.0478325,599.41113,0.0,0.0,0,1.0,1.0,0,0)
DispatchTrackball(-1,686316,2,-2.0,-4.0,0.0,0.0,0,1.0,1.0,0,0)
DispatchTrackball(-1,686319,2,3.0,1.0,0.0,0.0,0,1.0,1.0,0,0)
DispatchTrackball(-1,686341,2,-2.0,-4.0,0.0,0.0,0,1.0,1.0,0,0)
DispatchTrackball(-1,686353,2,0.0,-1.0,0.0,0.0,0,1.0,1.0,0,0)
DispatchTrackball(-1,686358,2,-3.0,-4.0,0.0,0.0,0,1.0,1.0,0,0)
DispatchTrackball(-1,686363,2,-2.0,-5.0,0.0,0.0,0,1.0,1.0,0,0)
DispatchTrackball(-1,686366,2,1.0,4.0,0.0,0.0,0,1.0,1.0,0,0)
DispatchTrackball(-1,686631,2,-3.0,4.0,0.0,0.0,0,1.0,1.0,0,0)
DispatchTrackball(-1,686634,2,4.0,-5.0,0.0,0.0,0,1.0,1.0,0,0)
DispatchTrackball(-1,686637,2,-1.0,-4.0,0.0,0.0,0,1.0,1.0,0,0)
DispatchTrackball(-1,686639,2,1.0,-1.0,0.0,0.0,0,1.0,1.0,0,0)
DispatchTrackball(-1,686649,2,-4.0,3.0,0.0,0.0,0,1.0,1.0,0,0)
DispatchTrackball(-1,686672,2,-1.0,-4.0,0.0,0.0,0,1.0,1.0,0,0)
DispatchTrackball(-1,686675,2,-5.0,1.0,0.0,0.0,0,1.0,1.0,0,0)
DispatchTrackball(-1,686678,2,4.0,4.0,0.0,0.0,0,1.0,1.0,0,0)
DispatchTrackball(-1,686691,2,2.0,0.0,0.0,0.0,0,1.0,1.0,0,0)
DispatchTrackball(-1,686702,2,4.0,1.0,0.0,0.0,0,1.0,1.0,0,0)
DispatchTrackball(-1,686705,2,-1.0,2.0,0.0,0.0,0,1.0,1.0,0,0)
DispatchTrackball(-1,686723,2,-4.0,3.0,0.0,0.0,0,1.0,1.0,0,0)
DispatchTrackball(-1,686726,2,-5.0,1.0,0.0,0.0,0,1.0,1.0,0,0)
DispatchKey(686729,686729,0,82,0,0,-1,0)
DispatchKey(686831,686831,1,82,0,0,-1,0)
DispatchKey(686882,686882,0,82,0,0,-1,0)
DispatchKey(686901,686901,1,82,0,0,-1,0)
DispatchPointer(686919,686919,0,298.0,173.0,0.0,0.0,0,1.0,1.0,0,0)
DispatchPointer(686919,686924,1,312.09933,172.48262,0.0,0.0,0,1.0,1.0,0,0)
DispatchPointer(686932,686932,0,1.0,279.0,0.0,0.0,0,1.0,1.0,0,0)
DispatchPointer(686932,686935,1,1.660999,290.03848,0.0,0.0,0,1.0,1.0,0,0)
DispatchTrackball(-1,686945,2,3.0,2.0,0.0,0.0,0,1.0,1.0,0,0)
DispatchTrackball(-1,686956,2,4.0,0.0,0.0,0.0,0,1.0,1.0,0,0)
DispatchTrackball(-1,686959,2,-1.0,4.0,0.0,0.0,0,1.0,1.0,0,0)
DispatchTrackball(-1,686963,2,3.0,-3.0,0.0,0.0,0,1.0,1.0,0,0)
DispatchTrackball(-1,686966,2,2.0,-1.0,0.0,0.0,0,1.0,1.0,0,0)
DispatchTrackball(-1,686969,2,4.0,-5.0,0.0,0.0,0,1.0,1.0,0,0)
DispatchTrackball(-1,686972,2,0.0,-2.0,0.0,0.0,0,1.0,1.0,0,0)
DispatchTrackball(-1,686975,2,-3.0,2.0,0.0,0.0,0,1.0,1.0,0,0)
DispatchTrackball(-1,686977,2,0.0,-4.0,0.0,0.0,0,1.0,1.0,0,0)
DispatchTrackball(-1,686981,2,3.0,0.0,0.0,0.0,0,1.0,1.0,0,0)
DispatchTrackball(-1,686984,2,0.0,4.0,0.0,0.0,0,1.0,1.0,0,0)
DispatchTrackball(-1,686988,2,4.0,-3.0,0.0,0.0,0,1.0,1.0,0,0)
DispatchTrackball(-1,686994,2,-1.0,-4.0,0.0,0.0,0,1.0,1.0,0,0)
DispatchTrackball(-1,687002,2,-2.0,-1.0,0.0,0.0,0,1.0,1.0,0,0)
DispatchTrackball(-1,687022,2,-4.0,2.0,0.0,0.0,0,1.0,1.0,0,0)
DispatchTrackball(-1,687026,2,-3.0,3.0,0.0,0.0,0,1.0,1.0,0,0)
DispatchTrackball(-1,687043,2,-2.0,2.0,0.0,0.0,0,1.0,1.0,0,0)
DispatchTrackball(-1,687046,2,4.0,0.0,0.0,0.0,0,1.0,1.0,0,0)
DispatchTrackball(-1,687049,2,3.0,3.0,0.0,0.0,0,1.0,1.0,0,0)
DispatchTrackball(-1,687063,2,4.0,3.0,0.0,0.0,0,1.0,1.0,0,0)
DispatchKey(687071,687071,0,22,0,0,-1,0)
DispatchKey(687141,687141,1,22,0,0,-1,0)
DispatchKey(687147,687147,0,20,0,0,-1,0)
DispatchKey(687172,687172,1,20,0,0,-1,0)
DispatchTrackball(-1,687178,2,0.0,2.0,0.0,0.0,0,1.0,1.0,0,0)
DispatchTrackball(-1,687201,2,4.0,-3.0,0.0,0.0,0,1.0,1.0,0,0)
DispatchTrackball(-1,687209,2,-4.0,3.0,0.0,0.0,0,1.0,1.0,0,0)
DispatchTrackball(-1,687221,2,-5.0,0.0,0.0,0.0,0,1.0,1.0,0,0)
