type= raw events
count= -1
speed= 1.0
start data >>
LaunchActivity(com.autostart,com.autostart.AutoStartActivity)
DispatchPointer(601202,601203,0,87.0,550.0,0.0,0.0,0,1.0,1.0,0,0)
DispatchPointer(601202,601359,1,86.46042,551.8487,0.0,0.0,0,1.0,1.0,0,0)
DispatchKey(601385,601385,0,65,0,0,-1,0)
DispatchKey(601434,601434,1,65,0,0,-1,0)
DispatchKey(602549,602549,0,29,0,0,-1,0)
DispatchKey(602623,602623,1,29,0,0,-1,0)
DispatchKey(603079,603079,0,211,0,0,-1,0)
DispatchKey(603092,603092,1,211,0,0,-1,0)
GUIGen(9)
DispatchPointer(625124,625124,0,243.0,500.0,0.0,0.0,0,1.0,1.0,0,0)
DispatchPointer(625124,625159,1,240.82349,501.09647,0.0,0.0,0,1.0,1.0,0,0)
DispatchKey(625929,625929,0,22,0,0,-1,0)
DispatchKey(625938,625938,1,22,0,0,-1,0)
DispatchKey(625945,625945,0,121,0,0,-1,0)
DispatchKey(625952,625952,1,121,0,0,-1,0)
DispatchKey(625959,625959,0,21,0,0,-1,0)
DispatchKey(625965,625965,1,21,0,0,-1,0)
DispatchTrackball(-1,625972,2,-3.0,-2.0,0.0,0.0,0,1.0,1.0,0,0)
DispatchTrackball(-1,625980,2,0.0,-5.0,0.0,0.0,0,1.0,1.0,0,0)
DispatchTrackball(-1,625987,2,-5.0,2.0,0.0,0.0,0,1.0,1.0,0,0)
DispatchTrackball(-1,625995,2,1.0,-3.0,0.0,0.0,0,1.0,1.0,0,0)
DispatchTrackball(-1,625997,2,3.0,4.0,0.0,0.0,0,1.0,1.0,0,0)
DispatchTrackball(-1,626003,2,-5.0,2.0,0.0,0.0,0,1.0,1.0,0,0)
DispatchTrackball(-1,626012,2,1.0,-1.0,0.0,0.0,0,1.0,1.0,0,0)
DispatchTrackball(-1,626015,2,3.0,-5.0,0.0,0.0,0,1.0,1.0,0,0)
DispatchTrackball(-1,626019,2,-5.0,-4.0,0.0,0.0,0,1.0,1.0,0,0)
DispatchTrackball(-1,626029,2,-2.0,1.0,0.0,0.0,0,1.0,1.0,0,0)
DispatchTrackball(625972,626032,0,0.0,0.0,0.0,0.0,0,1.0,1.0,0,0)
DispatchTrackball(625972,626040,1,0.0,0.0,0.0,0.0,0,1.0,1.0,0,0)
DispatchPointer(626046,626046,0,175.0,106.0,0.0,0.0,0,1.0,1.0,0,0)
DispatchPointer(626046,626052,1,172.85788,89.39334,0.0,0.0,0,1.0,1.0,0,0)
DispatchKey(626056,626056,0,45,0,0,-1,0)
DispatchKey(626078,626078,1,45,0,0,-1,0)
DispatchPointer(626093,626093,0,240.0,313.0,0.0,0.0,0,1.0,1.0,0,0)
DispatchPointer(626093,626105,2,240.49515,297.91534,0.0,0.0,0,1.0,1.0,0,0)
DispatchPointer(626093,626111,2,245.10997,278.3717,0.0,0.0,0,1.0,1.0,0,0)
DispatchPointer(626093,626116,2,246.79716,266.21512,0.0,0.0,0,1.0,1.0,0,0)
DispatchPointer(626093,626124,2,252.85309,247.7932,0.0,0.0,0,1.0,1.0,0,0)
DispatchPointer(626093,626129,2,253.27318,230.53578,0.0,0.0,0,1.0,1.0,0,0)
DispatchPointer(626093,626132,2,258.81293,230.47491,0.0,0.0,0,1.0,1.0,0,0)
DispatchPointer(626093,626136,2,265.61612,217.61139,0.0,0.0,0,1.0,1.0,0,0)
DispatchPointer(626093,626145,2,271.9196,212.33897,0.0,0.0,0,1.0,1.0,0,0)
DispatchPointer(626093,626148,2,278.13577,198.20096,0.0,0.0,0,1.0,1.0,0,0)
DispatchPointer(626093,626156,1,286.30646,177.81027,0.0,0.0,0,1.0,1.0,0,0)
DispatchTrackball(-1,626182,2,0.0,1.0,0.0,0.0,0,1.0,1.0,0,0)
DispatchTrackball(-1,626189,2,1.0,2.0,0.0,0.0,0,1.0,1.0,0,0)
DispatchTrackball(-1,626198,2,-5.0,0.0,0.0,0.0,0,1.0,1.0,0,0)
DispatchTrackball(-1,626208,2,0.0,-3.0,0.0,0.0,0,1.0,1.0,0,0)
DispatchTrackball(-1,626220,2,0.0,0.0,0.0,0.0,0,1.0,1.0,0,0)
DispatchTrackball(-1,626244,2,-4.0,-5.0,0.0,0.0,0,1.0,1.0,0,0)
DispatchTrackball(-1,626247,2,-5.0,-3.0,0.0,0.0,0,1.0,1.0,0,0)
DispatchTrackball(-1,626259,2,0.0,-1.0,0.0,0.0,0,1.0,1.0,0,0)
DispatchTrackball(-1,626268,2,-1.0,2.0,0.0,0.0,0,1.0,1.0,0,0)
DispatchTrackball(-1,626310,2,-2.0,3.0,0.0,0.0,0,1.0,1.0,0,0)
DispatchTrackball(-1,627791,2,-4.0,-1.0,0.0,0.0,0,1.0,1.0,0,0)
DispatchTrackball(-1,627797,2,0.0,2.0,0.0,0.0,0,1.0,1.0,0,0)
DispatchTrackball(-1,627803,2,1.0,3.0,0.0,0.0,0,1.0,1.0,0,0)
DispatchTrackball(-1,627814,2,-5.0,2.0,0.0,0.0,0,1.0,1.0,0,0)
DispatchTrackball(-1,627817,2,-3.0,1.0,0.0,0.0,0,1.0,1.0,0,0)
DispatchTrackball(-1,627826,2,-1.0,1.0,0.0,0.0,0,1.0,1.0,0,0)
DispatchTrackball(-1,627830,2,4.0,2.0,0.0,0.0,0,1.0,1.0,0,0)
DispatchTrackball(-1,627833,2,-4.0,-3.0,0.0,0.0,0,1.0,1.0,0,0)
DispatchTrackball(-1,627839,2,-1.0,4.0,0.0,0.0,0,1.0,1.0,0,0)
DispatchTrackball(-1,627843,2,-2.0,1.0,0.0,0.0,0,1.0,1.0,0,0)
DispatchTrackball(-1,627846,2,0.0,-2.0,0.0,0.0,0,1.0,1.0,0,0)
DispatchTrackball(-1,627856,2,4.0,3.0,0.0,0.0,0,1.0,1.0,0,0)
DispatchTrackball(-1,627859,2,1.0,1.0,0.0,0.0,0,1.0,1.0,0,0)
DispatchTrackball(-1,627863,2,-3.0,4.0,0.0,0.0,0,1.0,1.0,0,0)
DispatchTrackball(-1,627865,2,-4.0,4.0,0.0,0.0,0,1.0,1.0,0,0)
DispatchTrackball(-1,627869,2,1.0,-1.0,0.0,0.0,0,1.0,1.0,0,0)
DispatchTrackball(-1,627875,2,-4.0,3.0,0.0,0.0,0,1.0,1.0,0,0)
DispatchTrackball(-1,627878,2,0.0,2.0,0.0,0.0,0,1.0,1.0,0,0)
DispatchTrackball(-1,627882,2,4.0,-2.0,0.0,0.0,0,1.0,1.0,0,0)
DispatchTrackball(-1,627885,2,-2.0,-5.0,0.0,0.0,0,1.0,1.0,0,0)
DispatchKey(627890,627890,0,40,0,0,-1,0)
DispatchKey(627919,627919,1,40,0,0,-1,0)
DispatchKey(627973,627973,0,23,0,0,-1,0)
DispatchKey(628011,628011,1,23,0,0,-1,0)
DispatchKey(628032,628032,0,82,0,0,-1,0)
DispatchKey(628164,628164,1,82,0,0,-1,0)
DispatchKey(628282,628282,0,207,0,0,-1,0)
DispatchKey(628311,628311,1,207,0,0,-1,0)
DispatchPointer(628338,628338,0,147.0,2.0,0.0,0.0,0,1.0,1.0,0,0)
DispatchPointer(628338,628343,1,153.36064,1.9622387,0.0,0.0,0,1.0,1.0,0,0)
DispatchTrackball(-1,628347,2,-1.0,0.0,0.0,0.0,0,1.0,1.0,0,0)
DispatchTrackball(-1,628361,2,-1.0,-1.0,0.0,0.0,0,1.0,1.0,0,0)
DispatchTrackball(-1,628378,2,1.0,-2.0,0.0,0.0,0,1.0,1.0,0,0)
DispatchTrackball(-1,628382,2,-1.0,2.0,0.0,0.0,0,1.0,1.0,0,0)
DispatchTrackball(-1,628387,2,3.0,-3.0,0.0,0.0,0,1.0,1.0,0,0)
DispatchTrackball(-1,628389,2,2.0,3.0,0.0,0.0,0,1.0,1.0,0,0)
DispatchTrackball(-1,628401,2,2.0,-4.0,0.0,0.0,0,1.0,1.0,0,0)
DispatchTrackball(-1,628405,2,-1.0,-1.0,0.0,0.0,0,1.0,1.0,0,0)
DispatchTrackball(-1,628415,2,2.0,1.0,0.0,0.0,0,1.0,1.0,0,0)
DispatchTrackball(-1,628420,2,-2.0,-2.0,0.0,0.0,0,1.0,1.0,0,0)
DispatchKey(628424,628424,0,21,0,0,-1,0)
DispatchKey(628632,628632,1,21,0,0,-1,0)
DispatchKey(628834,628834,0,20,0,0,-1,0)
DispatchKey(628892,628892,1,20,0,0,-1,0)
DispatchTrackball(-1,628914,2,-3.0,0.0,0.0,0.0,0,1.0,1.0,0,0)
DispatchTrackball(-1,628922,2,-3.0,-3.0,0.0,0.0,0,1.0,1.0,0,0)
DispatchTrackball(-1,628935,2,-4.0,-1.0,0.0,0.0,0,1.0,1.0,0,0)
DispatchTrackball(-1,628938,2,1.0,-1.0,0.0,0.0,0,1.0,1.0,0,0)
DispatchTrackball(-1,628952,2,-1.0,-3.0,0.0,0.0,0,1.0,1.0,0,0)
DispatchTrackball(-1,628956,2,0.0,1.0,0.0,0.0,0,1.0,1.0,0,0)
DispatchTrackball(-1,628959,2,-1.0,3.0,0.0,0.0,0,1.0,1.0,0,0)
DispatchTrackball(-1,628964,2,0.0,0.0,0.0,0.0,0,1.0,1.0,0,0)
DispatchTrackball(-1,628980,2,-2.0,0.0,0.0,0.0,0,1.0,1.0,0,0)
DispatchTrackball(-1,628983,2,2.0,4.0,0.0,0.0,0,1.0,1.0,0,0)
DispatchTrackball(-1,628986,2,3.0,-2.0,0.0,0.0,0,1.0,1.0,0,0)
DispatchTrackball(-1,629014,2,-1.0,4.0,0.0,0.0,0,1.0,1.0,0,0)
DispatchTrackball(-1,629033,2,-1.0,-1.0,0.0,0.0,0,1.0,1.0,0,0)
DispatchTrackball(-1,629101,2,-2.0,1.0,0.0,0.0,0,1.0,1.0,0,0)
DispatchTrackball(-1,629127,2,-5.0,-4.0,0.0,0.0,0,1.0,1.0,0,0)
DispatchTrackball(-1,629136,2,-1.0,-2.0,0.0,0.0,0,1.0,1.0,0,0)
DispatchTrackball(-1,629139,2,3.0,4.0,0.0,0.0,0,1.0,1.0,0,0)
DispatchTrackball(-1,629202,2,2.0,-2.0,0.0,0.0,0,1.0,1.0,0,0)
DispatchTrackball(-1,629205,2,4.0,3.0,0.0,0.0,0,1.0,1.0,0,0)
DispatchTrackball(-1,629208,2,0.0,0.0,0.0,0.0,0,1.0,1.0,0,0)
DispatchKey(629224,629224,0,22,0,0,-1,0)
DispatchKey(629767,629767,1,22,0,0,-1,0)
DispatchPointer(629845,629845,0,86.0,623.0,0.0,0.0,0,1.0,1.0,0,0)
DispatchPointer(629845,629857,1,88.05563,603.70795,0.0,0.0,0,1.0,1.0,0,0)
DispatchKey(629872,629872,0,25,0,0,-1,0)
DispatchKey(630028,630028,1,25,0,0,-1,0)
DispatchKey(630056,630056,0,82,0,0,-1,0)
DispatchKey(630061,630061,1,82,0,0,-1,0)
DispatchKey(630077,630077,0,102,0,0,-1,0)
DispatchKey(630132,630132,1,102,0,0,-1,0)
DispatchPointer(630148,630148,0,260.0,631.0,0.0,0.0,0,1.0,1.0,0,0)
DispatchPointer(630148,630163,2,238.27457,631.02356,0.0,0.0,0,1.0,1.0,0,0)
DispatchPointer(630148,630171,2,230.35529,633.0099,0.0,0.0,0,1.0,1.0,0,0)
DispatchPointer(630148,630174,2,207.42336,634.1204,0.0,0.0,0,1.0,1.0,0,0)
DispatchPointer(630148,630177,2,198.75114,634.8719,0.0,0.0,0,1.0,1.0,0,0)
DispatchPointer(630148,630186,1,180.278,636.67615,0.0,0.0,0,1.0,1.0,0,0)
DispatchPointer(630195,630196,0,206.0,341.0,0.0,0.0,0,1.0,1.0,0,0)
DispatchPointer(630195,630199,1,188.19766,351.64975,0.0,0.0,0,1.0,1.0,0,0)
DispatchKey(630838,630838,0,82,0,0,-1,0)
DispatchKey(630852,630852,1,82,0,0,-1,0)
DispatchKey(630860,630860,0,21,0,0,-1,0)
DispatchKey(630878,630878,1,21,0,0,-1,0)
DispatchPointer(630893,630893,0,37.0,515.0,0.0,0.0,0,1.0,1.0,0,0)
DispatchPointer(630893,630909,2,37.062634,515.6532,0.0,0.0,0,1.0,1.0,0,0)
DispatchPointer(630893,630927,2,37.064396,517.039,0.0,0.0,0,1.0,1.0,0,0)
DispatchPointer(630893,630952,2,37.121975,517.16046,0.0,0.0,0,1.0,1.0,0,0)
DispatchPointer(630893,630956,2,37.182552,520.07074,0.0,0.0,0,1.0,1.0,0,0)
DispatchPointer(630893,630962,1,37.19516,520.38727,0.0,0.0,0,1.0,1.0,0,0)
DispatchKey(630977,630977,0,23,0,0,-1,0)
DispatchKey(630990,630990,1,23,0,0,-1,0)
DispatchKey(631013,631013,0,20,0,0,-1,0)
DispatchKey(631263,631263,1,20,0,0,-1,0)
DispatchKey(631324,631324,0,129,0,0,-1,0)
DispatchKey(631406,631406,1,129,0,0,-1,0)
LaunchActivity(com.autostart,com.autostart.AutoStartActivity)
DispatchKey(631496,631496,0,21,0,0,-1,0)
DispatchKey(631500,631500,1,21,0,0,-1,0)
DispatchKey(631563,631563,0,23,0,0,-1,0)
DispatchKey(631601,631601,1,23,0,0,-1,0)
DispatchKey(631616,631616,0,20,0,0,-1,0)
DispatchKey(631729,631729,1,20,0,0,-1,0)
DispatchKey(631765,631765,0,23,0,0,-1,0)
DispatchKey(631958,631958,1,23,0,0,-1,0)
DispatchKey(631964,631964,0,23,0,0,-1,0)
DispatchKey(632021,632021,1,23,0,0,-1,0)
DispatchKey(632029,632029,0,21,0,0,-1,0)
DispatchKey(632048,632048,1,21,0,0,-1,0)
DispatchKey(632068,632068,0,21,0,0,-1,0)
DispatchKey(632091,632091,1,21,0,0,-1,0)
DispatchKey(632114,632114,0,25,0,0,-1,0)
DispatchKey(632287,632287,1,25,0,0,-1,0)
DispatchKey(632313,632313,0,96,0,0,-1,0)
DispatchKey(632349,632349,1,96,0,0,-1,0)
DispatchKey(632361,632361,0,23,0,0,-1,0)
DispatchKey(632370,632370,1,23,0,0,-1,0)
DispatchPointer(632395,632396,0,88.0,415.0,0.0,0.0,0,1.0,1.0,0,0)
DispatchPointer(632395,632413,261,89.3485,430.40134,0.0,0.0,0,1.0,1.0,0,0)
DispatchPointer(632395,632419,2,90.236664,436.9393,0.0,0.0,0,1.0,1.0,0,0)
DispatchPointer(632395,632436,2,90.86219,444.1178,0.0,0.0,0,1.0,1.0,0,0)
DispatchPointer(632395,632439,2,91.443474,458.0173,0.0,0.0,0,1.0,1.0,0,0)
DispatchPointer(632395,632453,2,91.65717,459.4882,0.0,0.0,0,1.0,1.0,0,0)
DispatchPointer(632395,632455,2,92.022804,464.724,0.0,0.0,0,1.0,1.0,0,0)
DispatchPointer(632395,632489,2,92.05787,489.17267,0.0,0.0,0,1.0,1.0,0,0)
DispatchPointer(632395,632511,2,93.24452,496.02798,0.0,0.0,0,1.0,1.0,0,0)
DispatchPointer(632395,632514,262,93.36634,509.21707,0.0,0.0,0,1.0,1.0,0,0)
DispatchPointer(632395,632546,1,94.98001,530.3737,0.0,0.0,0,1.0,1.0,0,0)
DispatchKey(632572,632572,0,134,0,0,-1,0)
DispatchKey(632582,632582,1,134,0,0,-1,0)
DispatchKey(632623,632623,0,23,0,0,-1,0)
DispatchKey(632639,632639,1,23,0,0,-1,0)
DispatchPointer(632743,632743,0,3.0,356.0,0.0,0.0,0,1.0,1.0,0,0)
DispatchPointer(632743,632747,261,0.029334545,356.50208,0.0,0.0,0,1.0,1.0,0,0)
DispatchPointer(632743,632749,262,0.0,364.2391,0.0,0.0,0,1.0,1.0,0,0)
DispatchPointer(632743,632758,1,0.0,367.58075,0.0,0.0,0,1.0,1.0,0,0)
DispatchKey(632768,632768,0,20,0,0,-1,0)
DispatchKey(632871,632871,1,20,0,0,-1,0)
DispatchKey(632907,632907,0,20,0,0,-1,0)
DispatchKey(633051,633051,1,20,0,0,-1,0)
DispatchPointer(633149,633149,0,242.0,339.0,0.0,0.0,0,1.0,1.0,0,0)
DispatchPointer(633149,633172,2,240.9882,341.69998,0.0,0.0,0,1.0,1.0,0,0)
DispatchPointer(633149,633184,2,234.13417,343.94305,0.0,0.0,0,1.0,1.0,0,0)
DispatchPointer(633149,633186,2,224.33856,344.15292,0.0,0.0,0,1.0,1.0,0,0)
DispatchPointer(633149,633188,2,223.15866,347.77728,0.0,0.0,0,1.0,1.0,0,0)
DispatchPointer(633149,633196,2,217.43752,351.85004,0.0,0.0,0,1.0,1.0,0,0)
DispatchPointer(633149,633202,2,209.10472,353.93857,0.0,0.0,0,1.0,1.0,0,0)
DispatchPointer(633149,633212,2,203.43066,356.01196,0.0,0.0,0,1.0,1.0,0,0)
DispatchPointer(633149,633215,1,193.12868,357.216,0.0,0.0,0,1.0,1.0,0,0)
DispatchKey(633223,633223,0,206,0,0,-1,0)
DispatchKey(633305,633305,1,206,0,0,-1,0)
DispatchTrackball(-1,633376,2,-3.0,-5.0,0.0,0.0,0,1.0,1.0,0,0)
DispatchTrackball(-1,633383,2,0.0,4.0,0.0,0.0,0,1.0,1.0,0,0)
DispatchTrackball(-1,633387,2,3.0,2.0,0.0,0.0,0,1.0,1.0,0,0)
DispatchTrackball(-1,633396,2,3.0,4.0,0.0,0.0,0,1.0,1.0,0,0)
DispatchTrackball(-1,633401,2,-5.0,2.0,0.0,0.0,0,1.0,1.0,0,0)
DispatchTrackball(-1,633406,2,-3.0,-3.0,0.0,0.0,0,1.0,1.0,0,0)
DispatchTrackball(-1,633410,2,1.0,4.0,0.0,0.0,0,1.0,1.0,0,0)
DispatchTrackball(-1,633421,2,-4.0,4.0,0.0,0.0,0,1.0,1.0,0,0)
DispatchTrackball(-1,633426,2,4.0,-3.0,0.0,0.0,0,1.0,1.0,0,0)
DispatchTrackball(-1,633428,2,-2.0,-4.0,0.0,0.0,0,1.0,1.0,0,0)
DispatchPointer(633433,633433,0,125.0,357.0,0.0,0.0,0,1.0,1.0,0,0)
