type= raw events
count= -1
speed= 1.0
start data >>
LaunchActivity(com.autostart,com.autostart.AutoStartActivity)
DispatchKey(1351042,1351042,0,19,0,0,-1,0)
DispatchKey(1352020,1352020,1,19,0,0,-1,0)
DispatchTrackball(-1,1352197,2,-1.0,-2.0,0.0,0.0,0,1.0,1.0,0,0)
DispatchTrackball(-1,1352209,2,-3.0,4.0,0.0,0.0,0,1.0,1.0,0,0)
DispatchTrackball(-1,1352223,2,0.0,-5.0,0.0,0.0,0,1.0,1.0,0,0)
DispatchTrackball(-1,1352225,2,-2.0,0.0,0.0,0.0,0,1.0,1.0,0,0)
DispatchTrackball(-1,1352233,2,4.0,3.0,0.0,0.0,0,1.0,1.0,0,0)
DispatchTrackball(-1,1352242,2,4.0,3.0,0.0,0.0,0,1.0,1.0,0,0)
DispatchTrackball(-1,1352252,2,-2.0,2.0,0.0,0.0,0,1.0,1.0,0,0)
DispatchTrackball(-1,1352256,2,-2.0,0.0,0.0,0.0,0,1.0,1.0,0,0)
DispatchTrackball(-1,1352259,2,-2.0,0.0,0.0,0.0,0,1.0,1.0,0,0)
DispatchTrackball(-1,1352268,2,-2.0,-5.0,0.0,0.0,0,1.0,1.0,0,0)
DispatchPointer(1352318,1352318,0,119.0,234.0,0.0,0.0,0,1.0,1.0,0,0)
DispatchPointer(1352318,1352340,1,115.72325,233.73964,0.0,0.0,0,1.0,1.0,0,0)
DispatchTrackball(-1,1352357,2,1.0,1.0,0.0,0.0,0,1.0,1.0,0,0)
DispatchTrackball(-1,1352372,2,-1.0,1.0,0.0,0.0,0,1.0,1.0,0,0)
DispatchTrackball(-1,1352377,2,-5.0,0.0,0.0,0.0,0,1.0,1.0,0,0)
DispatchTrackball(-1,1352383,2,-2.0,-1.0,0.0,0.0,0,1.0,1.0,0,0)
DispatchTrackball(-1,1352394,2,0.0,-4.0,0.0,0.0,0,1.0,1.0,0,0)
DispatchTrackball(-1,1352399,2,-3.0,-1.0,0.0,0.0,0,1.0,1.0,0,0)
DispatchTrackball(-1,1352402,2,3.0,0.0,0.0,0.0,0,1.0,1.0,0,0)
DispatchTrackball(-1,1352413,2,0.0,-5.0,0.0,0.0,0,1.0,1.0,0,0)
DispatchTrackball(-1,1352417,2,-2.0,-3.0,0.0,0.0,0,1.0,1.0,0,0)
DispatchTrackball(-1,1352423,2,3.0,1.0,0.0,0.0,0,1.0,1.0,0,0)
GUIGen(3)
DispatchKey(1362747,1362747,0,19,0,0,-1,0)
DispatchKey(1362754,1362754,1,19,0,0,-1,0)
DispatchKey(1364285,1364285,0,22,0,0,-1,0)
DispatchKey(1364291,1364291,1,22,0,0,-1,0)
DispatchKey(1364303,1364303,0,82,0,0,-1,0)
DispatchKey(1364314,1364314,1,82,0,0,-1,0)
DispatchTrackball(-1,1364326,2,2.0,4.0,0.0,0.0,0,1.0,1.0,0,0)
DispatchTrackball(-1,1364333,2,2.0,3.0,0.0,0.0,0,1.0,1.0,0,0)
DispatchTrackball(-1,1364344,2,1.0,-2.0,0.0,0.0,0,1.0,1.0,0,0)
DispatchTrackball(-1,1364348,2,-3.0,0.0,0.0,0.0,0,1.0,1.0,0,0)
DispatchTrackball(-1,1364355,2,-1.0,2.0,0.0,0.0,0,1.0,1.0,0,0)
DispatchTrackball(-1,1364359,2,2.0,-4.0,0.0,0.0,0,1.0,1.0,0,0)
DispatchTrackball(-1,1364362,2,4.0,1.0,0.0,0.0,0,1.0,1.0,0,0)
DispatchTrackball(-1,1364365,2,-1.0,-2.0,0.0,0.0,0,1.0,1.0,0,0)
DispatchTrackball(-1,1364368,2,-5.0,-5.0,0.0,0.0,0,1.0,1.0,0,0)
DispatchTrackball(-1,1364376,2,1.0,-1.0,0.0,0.0,0,1.0,1.0,0,0)
DispatchKey(1364379,1364379,0,146,0,0,-1,0)
DispatchKey(1364389,1364389,1,146,0,0,-1,0)
DispatchPointer(1364404,1364404,0,158.0,76.0,0.0,0.0,0,1.0,1.0,0,0)
DispatchPointer(1364404,1364413,1,156.97067,72.56984,0.0,0.0,0,1.0,1.0,0,0)
DispatchTrackball(-1,1364421,2,1.0,3.0,0.0,0.0,0,1.0,1.0,0,0)
DispatchTrackball(-1,1364427,2,-4.0,3.0,0.0,0.0,0,1.0,1.0,0,0)
DispatchTrackball(-1,1364430,2,0.0,-2.0,0.0,0.0,0,1.0,1.0,0,0)
DispatchTrackball(-1,1364439,2,3.0,-2.0,0.0,0.0,0,1.0,1.0,0,0)
DispatchTrackball(-1,1364448,2,-3.0,-2.0,0.0,0.0,0,1.0,1.0,0,0)
DispatchTrackball(-1,1364452,2,-3.0,-5.0,0.0,0.0,0,1.0,1.0,0,0)
DispatchTrackball(-1,1364454,2,-2.0,-1.0,0.0,0.0,0,1.0,1.0,0,0)
DispatchTrackball(-1,1364456,2,0.0,3.0,0.0,0.0,0,1.0,1.0,0,0)
DispatchTrackball(-1,1364459,2,0.0,1.0,0.0,0.0,0,1.0,1.0,0,0)
DispatchTrackball(-1,1364470,2,4.0,1.0,0.0,0.0,0,1.0,1.0,0,0)
DispatchPointer(1364474,1364474,0,171.0,89.0,0.0,0.0,0,1.0,1.0,0,0)
DispatchPointer(1364474,1364478,1,182.65044,82.95628,0.0,0.0,0,1.0,1.0,0,0)
DispatchKey(1364485,1364485,0,157,0,0,-1,0)
DispatchKey(1364501,1364501,1,157,0,0,-1,0)
DispatchKey(1364533,1364533,0,23,0,0,-1,0)
DispatchKey(1364544,1364544,1,23,0,0,-1,0)
DispatchPointer(1364566,1364566,0,193.0,326.0,0.0,0.0,0,1.0,1.0,0,0)
DispatchPointer(1364566,1364585,1,193.37195,331.65784,0.0,0.0,0,1.0,1.0,0,0)
DispatchPointer(1364608,1364608,0,144.0,639.0,0.0,0.0,0,1.0,1.0,0,0)
DispatchPointer(1364608,1364616,2,140.74905,640.0,0.0,0.0,0,1.0,1.0,0,0)
DispatchKey(1364686,1364686,0,82,0,0,-1,0)
DispatchKey(1364708,1364708,1,82,0,0,-1,0)
DispatchPointer(1365026,1365026,0,216.0,364.0,0.0,0.0,0,1.0,1.0,0,0)
DispatchPointer(1365026,1365038,1,213.78822,370.55484,0.0,0.0,0,1.0,1.0,0,0)
DispatchPointer(1365046,1365046,0,304.0,269.0,0.0,0.0,0,1.0,1.0,0,0)
DispatchPointer(1365046,1365054,1,303.862,264.14056,0.0,0.0,0,1.0,1.0,0,0)
DispatchKey(1365062,1365062,0,19,0,0,-1,0)
DispatchKey(1365211,1365211,1,19,0,0,-1,0)
DispatchPointer(1365247,1365247,0,278.0,621.0,0.0,0.0,0,1.0,1.0,0,0)
DispatchPointer(1365247,1365258,2,286.39114,611.3626,0.0,0.0,0,1.0,1.0,0,0)
DispatchPointer(1365247,1365272,2,294.60767,611.33716,0.0,0.0,0,1.0,1.0,0,0)
DispatchPointer(1365247,1365279,2,298.7644,589.2673,0.0,0.0,0,1.0,1.0,0,0)
DispatchPointer(1365247,1365286,2,303.9725,582.99146,0.0,0.0,0,1.0,1.0,0,0)
DispatchPointer(1365247,1365298,2,308.79636,566.60657,0.0,0.0,0,1.0,1.0,0,0)
DispatchPointer(1365247,1365306,2,311.17902,557.39374,0.0,0.0,0,1.0,1.0,0,0)
DispatchPointer(1365247,1365312,2,320.0,535.28156,0.0,0.0,0,1.0,1.0,0,0)
DispatchPointer(1365247,1365315,2,320.0,529.6182,0.0,0.0,0,1.0,1.0,0,0)
DispatchPointer(1365247,1365319,2,320.0,507.08688,0.0,0.0,0,1.0,1.0,0,0)
DispatchPointer(1365247,1365337,1,320.0,501.11087,0.0,0.0,0,1.0,1.0,0,0)
DispatchKey(1365350,1365350,0,20,0,0,-1,0)
DispatchKey(1365354,1365354,1,20,0,0,-1,0)
DispatchKey(1365386,1365386,0,82,0,0,-1,0)
DispatchKey(1365396,1365396,1,82,0,0,-1,0)
DispatchKey(1365408,1365408,0,82,0,0,-1,0)
DispatchKey(1365460,1365460,1,82,0,0,-1,0)
DispatchFlip(false)
DispatchKey(1365542,1365542,0,144,0,0,-1,0)
DispatchKey(1365740,1365740,1,144,0,0,-1,0)
DispatchKey(1365752,1365752,0,76,0,0,-1,0)
DispatchKey(1365778,1365778,1,76,0,0,-1,0)
DispatchPointer(1365797,1365797,0,100.0,623.0,0.0,0.0,0,1.0,1.0,0,0)
DispatchPointer(1365797,1365806,1,102.46291,621.9181,0.0,0.0,0,1.0,1.0,0,0)
DispatchKey(1365827,1365827,0,82,0,0,-1,0)
DispatchKey(1365881,1365881,1,82,0,0,-1,0)
DispatchPointer(1365918,1365918,0,180.0,257.0,0.0,0.0,0,1.0,1.0,0,0)
DispatchPointer(1365918,1365935,261,173.89136,250.41588,0.0,0.0,0,1.0,1.0,0,0)
DispatchPointer(1365918,1365939,2,173.58708,247.74013,0.0,0.0,0,1.0,1.0,0,0)
DispatchPointer(1365918,1365966,2,168.80101,245.80034,0.0,0.0,0,1.0,1.0,0,0)
DispatchPointer(1365918,1365975,2,166.70529,243.56068,0.0,0.0,0,1.0,1.0,0,0)
DispatchPointer(1365918,1365979,2,151.77612,236.24852,0.0,0.0,0,1.0,1.0,0,0)
DispatchPointer(1365918,1365983,2,133.58443,234.71588,0.0,0.0,0,1.0,1.0,0,0)
DispatchPointer(1365918,1365991,2,121.15598,229.38463,0.0,0.0,0,1.0,1.0,0,0)
DispatchPointer(1365918,1366004,2,107.73568,223.69789,0.0,0.0,0,1.0,1.0,0,0)
DispatchPointer(1365918,1366018,2,105.85033,217.38818,0.0,0.0,0,1.0,1.0,0,0)
DispatchPointer(1365918,1366023,262,91.46292,216.31262,0.0,0.0,0,1.0,1.0,0,0)
DispatchPointer(1365918,1366028,1,91.08207,214.57054,0.0,0.0,0,1.0,1.0,0,0)
DispatchPointer(1366038,1366038,0,146.0,551.0,0.0,0.0,0,1.0,1.0,0,0)
DispatchPointer(1366038,1366046,1,145.85603,550.286,0.0,0.0,0,1.0,1.0,0,0)
DispatchKey(1366069,1366069,0,196,0,0,-1,0)
DispatchKey(1366105,1366105,1,196,0,0,-1,0)
DispatchKey(1366117,1366117,0,21,0,0,-1,0)
DispatchKey(1366172,1366172,1,21,0,0,-1,0)
DispatchKey(1366205,1366205,0,23,0,0,-1,0)
DispatchKey(1366221,1366221,1,23,0,0,-1,0)
LaunchActivity(com.autostart,com.autostart.AutoStartActivity)
DispatchKey(1366512,1366512,0,20,0,0,-1,0)
DispatchKey(1367387,1367387,1,20,0,0,-1,0)
DispatchPointer(1367561,1367562,0,12.0,389.0,0.0,0.0,0,1.0,1.0,0,0)
DispatchPointer(1367561,1367566,261,0.79476166,404.87732,0.0,0.0,0,1.0,1.0,0,0)
DispatchPointer(1367561,1367569,2,0.0,419.36658,0.0,0.0,0,1.0,1.0,0,0)
DispatchPointer(1367561,1367588,2,0.0,423.52966,0.0,0.0,0,1.0,1.0,0,0)
DispatchPointer(1367561,1367593,2,0.0,436.76828,0.0,0.0,0,1.0,1.0,0,0)
DispatchPointer(1367561,1367597,2,0.0,454.4174,0.0,0.0,0,1.0,1.0,0,0)
DispatchPointer(1367561,1367601,2,0.0,467.113,0.0,0.0,0,1.0,1.0,0,0)
DispatchPointer(1367561,1367608,262,0.0,467.38742,0.0,0.0,0,1.0,1.0,0,0)
DispatchPointer(1367561,1367612,1,0.0,485.3283,0.0,0.0,0,1.0,1.0,0,0)
DispatchKey(1367618,1367618,0,20,0,0,-1,0)
DispatchKey(1368065,1368065,1,20,0,0,-1,0)
DispatchKey(1368083,1368083,0,82,0,0,-1,0)
DispatchKey(1368102,1368102,1,82,0,0,-1,0)
DispatchKey(1368140,1368140,0,19,0,0,-1,0)
DispatchKey(1368146,1368146,1,19,0,0,-1,0)
DispatchKey(1368155,1368155,0,47,0,0,-1,0)
DispatchKey(1368163,1368163,1,47,0,0,-1,0)
DispatchTrackball(-1,1368190,2,2.0,0.0,0.0,0.0,0,1.0,1.0,0,0)
DispatchTrackball(-1,1368194,2,2.0,-1.0,0.0,0.0,0,1.0,1.0,0,0)
DispatchTrackball(-1,1368197,2,-4.0,-3.0,0.0,0.0,0,1.0,1.0,0,0)
