type= raw events
count= -1
speed= 1.0
start data >>
LaunchActivity(com.autostart,com.autostart.AutoStartActivity)
DispatchPointer(1258496,1258499,0,245.0,425.0,0.0,0.0,0,1.0,1.0,0,0)
DispatchPointer(1258496,1258566,1,248.63611,422.10516,0.0,0.0,0,1.0,1.0,0,0)
DispatchKey(1258583,1258583,0,13,0,0,-1,0)
DispatchKey(1259509,1259509,1,13,0,0,-1,0)
DispatchTrackball(-1,1259745,2,-4.0,3.0,0.0,0.0,0,1.0,1.0,0,0)
DispatchTrackball(-1,1259790,2,1.0,2.0,0.0,0.0,0,1.0,1.0,0,0)
DispatchTrackball(-1,1259793,2,3.0,-3.0,0.0,0.0,0,1.0,1.0,0,0)
DispatchTrackball(-1,1259796,2,-4.0,3.0,0.0,0.0,0,1.0,1.0,0,0)
DispatchTrackball(-1,1259807,2,-4.0,4.0,0.0,0.0,0,1.0,1.0,0,0)
DispatchTrackball(-1,1259817,2,-5.0,3.0,0.0,0.0,0,1.0,1.0,0,0)
DispatchTrackball(-1,1259822,2,-1.0,-3.0,0.0,0.0,0,1.0,1.0,0,0)
DispatchTrackball(-1,1259827,2,0.0,3.0,0.0,0.0,0,1.0,1.0,0,0)
DispatchTrackball(-1,1259830,2,-1.0,1.0,0.0,0.0,0,1.0,1.0,0,0)
DispatchTrackball(-1,1259834,2,1.0,1.0,0.0,0.0,0,1.0,1.0,0,0)
DispatchKey(1259842,1259842,0,21,0,0,-1,0)
DispatchKey(1260405,1260405,1,21,0,0,-1,0)
DispatchKey(1260525,1260525,0,21,0,0,-1,0)
DispatchKey(1260538,1260538,1,21,0,0,-1,0)
DispatchKey(1260568,1260568,0,22,0,0,-1,0)
DispatchKey(1260626,1260626,1,22,0,0,-1,0)
DispatchPointer(1260636,1260637,0,215.0,532.0,0.0,0.0,0,1.0,1.0,0,0)
DispatchPointer(1260636,1260651,261,232.16437,538.77783,0.0,0.0,0,1.0,1.0,0,0)
DispatchPointer(1260636,1260666,2,249.19215,544.3203,0.0,0.0,0,1.0,1.0,0,0)
DispatchPointer(1260636,1260678,2,252.58302,548.7564,0.0,0.0,0,1.0,1.0,0,0)
DispatchPointer(1260636,1260696,262,266.66827,552.6148,0.0,0.0,0,1.0,1.0,0,0)
DispatchPointer(1260636,1260708,1,275.35376,556.5792,0.0,0.0,0,1.0,1.0,0,0)
DispatchKey(1260720,1260720,0,82,0,0,-1,0)
DispatchKey(1260727,1260727,1,82,0,0,-1,0)
DispatchPointer(1260747,1260748,0,143.0,7.0,0.0,0.0,0,1.0,1.0,0,0)
DispatchPointer(1260747,1260758,1,142.83847,20.117819,0.0,0.0,0,1.0,1.0,0,0)
DispatchKey(1260763,1260763,0,82,0,0,-1,0)
DispatchKey(1260769,1260769,1,82,0,0,-1,0)
DispatchPointer(1260798,1260798,0,254.0,305.0,0.0,0.0,0,1.0,1.0,0,0)
DispatchPointer(1260798,1260818,1,251.20293,303.3766,0.0,0.0,0,1.0,1.0,0,0)
DispatchTrackball(-1,1260827,2,2.0,2.0,0.0,0.0,0,1.0,1.0,0,0)
DispatchTrackball(-1,1260839,2,-5.0,-2.0,0.0,0.0,0,1.0,1.0,0,0)
DispatchTrackball(-1,1260844,2,-1.0,-1.0,0.0,0.0,0,1.0,1.0,0,0)
DispatchTrackball(-1,1260847,2,3.0,3.0,0.0,0.0,0,1.0,1.0,0,0)
DispatchTrackball(-1,1260859,2,-5.0,-3.0,0.0,0.0,0,1.0,1.0,0,0)
DispatchTrackball(-1,1260868,2,-1.0,4.0,0.0,0.0,0,1.0,1.0,0,0)
DispatchTrackball(-1,1260872,2,-2.0,-4.0,0.0,0.0,0,1.0,1.0,0,0)
DispatchTrackball(-1,1260875,2,2.0,-2.0,0.0,0.0,0,1.0,1.0,0,0)
DispatchTrackball(-1,1260877,2,4.0,-3.0,0.0,0.0,0,1.0,1.0,0,0)
DispatchTrackball(-1,1260881,2,-3.0,3.0,0.0,0.0,0,1.0,1.0,0,0)
LaunchActivity(com.autostart,com.autostart.AutoStartActivity)
DispatchPointer(1260907,1260907,0,90.0,138.0,0.0,0.0,0,1.0,1.0,0,0)
DispatchPointer(1260907,1260918,1,86.04562,158.22234,0.0,0.0,0,1.0,1.0,0,0)
DispatchPointer(1260938,1260938,0,12.0,52.0,0.0,0.0,0,1.0,1.0,0,0)
DispatchPointer(1260938,1260946,2,0.0,43.54745,0.0,0.0,0,1.0,1.0,0,0)
DispatchPointer(1260938,1260949,2,0.0,31.069164,0.0,0.0,0,1.0,1.0,0,0)
DispatchPointer(1260938,1260956,1,0.0,14.285807,0.0,0.0,0,1.0,1.0,0,0)
DispatchPointer(1260968,1260969,0,48.0,91.0,0.0,0.0,0,1.0,1.0,0,0)
DispatchPointer(1260968,1260975,1,43.14862,98.457054,0.0,0.0,0,1.0,1.0,0,0)
DispatchKey(1260983,1260983,0,43,0,0,-1,0)
DispatchKey(1261001,1261001,1,43,0,0,-1,0)
DispatchKey(1261045,1261045,0,19,0,0,-1,0)
DispatchKey(1261073,1261073,1,19,0,0,-1,0)
DispatchPointer(1261101,1261101,0,122.0,89.0,0.0,0.0,0,1.0,1.0,0,0)
DispatchPointer(1261101,1261126,1,127.15539,87.69166,0.0,0.0,0,1.0,1.0,0,0)
DispatchPointer(1261138,1261139,0,282.0,480.0,0.0,0.0,0,1.0,1.0,0,0)
