type= raw events
count= -1
speed= 1.0
start data >>
LaunchActivity(com.autostart,com.autostart.AutoStartActivity)
DispatchPointer(1161531,1161532,0,75.0,303.0,0.0,0.0,0,1.0,1.0,0,0)
DispatchPointer(1161531,1161772,1,84.51811,306.15356,0.0,0.0,0,1.0,1.0,0,0)
DispatchKey(1161836,1161836,0,23,0,0,-1,0)
DispatchKey(1162507,1162507,1,23,0,0,-1,0)
DispatchTrackball(-1,1162696,2,-4.0,-2.0,0.0,0.0,0,1.0,1.0,0,0)
DispatchTrackball(-1,1162709,2,1.0,-2.0,0.0,0.0,0,1.0,1.0,0,0)
DispatchTrackball(-1,1162714,2,3.0,-5.0,0.0,0.0,0,1.0,1.0,0,0)
DispatchTrackball(-1,1162732,2,-5.0,-5.0,0.0,0.0,0,1.0,1.0,0,0)
DispatchTrackball(-1,1162737,2,1.0,-5.0,0.0,0.0,0,1.0,1.0,0,0)
DispatchTrackball(-1,1162758,2,1.0,4.0,0.0,0.0,0,1.0,1.0,0,0)
DispatchTrackball(-1,1162771,2,2.0,-3.0,0.0,0.0,0,1.0,1.0,0,0)
DispatchTrackball(-1,1162776,2,3.0,0.0,0.0,0.0,0,1.0,1.0,0,0)
DispatchTrackball(-1,1162791,2,-4.0,-2.0,0.0,0.0,0,1.0,1.0,0,0)
DispatchTrackball(-1,1162793,2,4.0,4.0,0.0,0.0,0,1.0,1.0,0,0)
DispatchPointer(1162812,1162812,0,302.0,102.0,0.0,0.0,0,1.0,1.0,0,0)
DispatchPointer(1162812,1162840,1,299.20526,113.19244,0.0,0.0,0,1.0,1.0,0,0)
GUIGen(4)
DispatchKey(1174428,1174428,0,20,0,0,-1,0)
DispatchKey(1174449,1174449,1,20,0,0,-1,0)
DispatchTrackball(-1,1174737,2,-2.0,3.0,0.0,0.0,0,1.0,1.0,0,0)
DispatchTrackball(-1,1174742,2,1.0,-1.0,0.0,0.0,0,1.0,1.0,0,0)
DispatchTrackball(-1,1174744,2,-3.0,2.0,0.0,0.0,0,1.0,1.0,0,0)
DispatchTrackball(-1,1174747,2,3.0,4.0,0.0,0.0,0,1.0,1.0,0,0)
DispatchTrackball(-1,1174753,2,0.0,-5.0,0.0,0.0,0,1.0,1.0,0,0)
DispatchTrackball(-1,1174763,2,2.0,3.0,0.0,0.0,0,1.0,1.0,0,0)
DispatchTrackball(-1,1174767,2,-5.0,-3.0,0.0,0.0,0,1.0,1.0,0,0)
DispatchTrackball(-1,1174772,2,2.0,3.0,0.0,0.0,0,1.0,1.0,0,0)
DispatchTrackball(-1,1174775,2,0.0,-2.0,0.0,0.0,0,1.0,1.0,0,0)
DispatchTrackball(-1,1174778,2,4.0,1.0,0.0,0.0,0,1.0,1.0,0,0)
DispatchKey(1174788,1174788,0,23,0,0,-1,0)
DispatchKey(1174820,1174820,1,23,0,0,-1,0)
DispatchKey(1174837,1174837,0,19,0,0,-1,0)
DispatchKey(1174861,1174861,1,19,0,0,-1,0)
DispatchKey(1174878,1174878,0,9,0,0,-1,0)
DispatchKey(1175228,1175228,1,9,0,0,-1,0)
DispatchKey(1175237,1175237,0,22,0,0,-1,0)
DispatchKey(1175387,1175387,1,22,0,0,-1,0)
DispatchKey(1178703,1178703,0,21,0,0,-1,0)
DispatchKey(1178720,1178720,1,21,0,0,-1,0)
DispatchKey(1178728,1178728,0,130,0,0,-1,0)
DispatchKey(1178740,1178740,1,130,0,0,-1,0)
DispatchKey(1178761,1178761,0,22,0,0,-1,0)
