type= raw events
count= -1
speed= 1.0
start data >>
DispatchTrackball(-1,916848,2,1.0,0.0,0.0,0.0,0,1.0,1.0,0,0)
DispatchTrackball(-1,917852,2,-3.0,2.0,0.0,0.0,0,1.0,1.0,0,0)
DispatchTrackball(-1,917858,2,-1.0,0.0,0.0,0.0,0,1.0,1.0,0,0)
DispatchTrackball(-1,917869,2,-5.0,4.0,0.0,0.0,0,1.0,1.0,0,0)
DispatchTrackball(-1,917881,2,-4.0,2.0,0.0,0.0,0,1.0,1.0,0,0)
DispatchTrackball(-1,917884,2,4.0,-2.0,0.0,0.0,0,1.0,1.0,0,0)
DispatchTrackball(-1,917886,2,-3.0,1.0,0.0,0.0,0,1.0,1.0,0,0)
DispatchTrackball(-1,917895,2,0.0,-4.0,0.0,0.0,0,1.0,1.0,0,0)
DispatchTrackball(-1,917898,2,0.0,-4.0,0.0,0.0,0,1.0,1.0,0,0)
DispatchTrackball(-1,917915,2,-3.0,1.0,0.0,0.0,0,1.0,1.0,0,0)
DispatchKey(917920,917920,0,84,0,0,-1,0)
DispatchKey(918155,918155,1,84,0,0,-1,0)
DispatchKey(918712,918712,0,20,0,0,-1,0)
DispatchKey(918740,918740,1,20,0,0,-1,0)
DispatchKey(918747,918747,0,23,0,0,-1,0)
DispatchKey(918782,918782,1,23,0,0,-1,0)
DispatchPointer(918985,918986,0,68.0,250.0,0.0,0.0,0,1.0,1.0,0,0)
DispatchPointer(918985,918996,1,67.03792,247.15884,0.0,0.0,0,1.0,1.0,0,0)
DispatchTrackball(-1,919003,2,-2.0,2.0,0.0,0.0,0,1.0,1.0,0,0)
DispatchTrackball(-1,919008,2,3.0,3.0,0.0,0.0,0,1.0,1.0,0,0)
DispatchTrackball(-1,919012,2,2.0,-4.0,0.0,0.0,0,1.0,1.0,0,0)
DispatchTrackball(-1,919015,2,-2.0,-2.0,0.0,0.0,0,1.0,1.0,0,0)
DispatchTrackball(-1,919018,2,-2.0,4.0,0.0,0.0,0,1.0,1.0,0,0)
DispatchTrackball(-1,919022,2,-1.0,3.0,0.0,0.0,0,1.0,1.0,0,0)
DispatchTrackball(-1,919034,2,-5.0,0.0,0.0,0.0,0,1.0,1.0,0,0)
DispatchTrackball(-1,919045,2,4.0,-5.0,0.0,0.0,0,1.0,1.0,0,0)
DispatchTrackball(-1,919051,2,2.0,-5.0,0.0,0.0,0,1.0,1.0,0,0)
DispatchTrackball(-1,919066,2,0.0,-2.0,0.0,0.0,0,1.0,1.0,0,0)
DispatchPointer(919073,919073,0,54.0,331.0,0.0,0.0,0,1.0,1.0,0,0)
DispatchPointer(919073,919079,261,54.71298,316.64227,0.0,0.0,0,1.0,1.0,0,0)
DispatchPointer(919073,919092,2,56.269512,312.44757,0.0,0.0,0,1.0,1.0,0,0)
DispatchPointer(919073,919101,2,57.66655,302.01834,0.0,0.0,0,1.0,1.0,0,0)
DispatchPointer(919073,919107,2,58.545135,299.30975,0.0,0.0,0,1.0,1.0,0,0)
DispatchPointer(919073,919120,2,59.59162,297.167,0.0,0.0,0,1.0,1.0,0,0)
DispatchPointer(919073,919126,2,61.463963,283.03696,0.0,0.0,0,1.0,1.0,0,0)
DispatchPointer(919073,919129,262,63.519207,265.91077,0.0,0.0,0,1.0,1.0,0,0)
DispatchPointer(919073,919138,1,65.62835,251.7649,0.0,0.0,0,1.0,1.0,0,0)
DispatchTrackball(-1,919158,2,4.0,3.0,0.0,0.0,0,1.0,1.0,0,0)
DispatchTrackball(-1,919164,2,-4.0,1.0,0.0,0.0,0,1.0,1.0,0,0)
DispatchTrackball(-1,919169,2,-5.0,0.0,0.0,0.0,0,1.0,1.0,0,0)
DispatchTrackball(-1,919176,2,-4.0,3.0,0.0,0.0,0,1.0,1.0,0,0)
DispatchTrackball(-1,919187,2,-2.0,-4.0,0.0,0.0,0,1.0,1.0,0,0)
DispatchTrackball(-1,919208,2,-2.0,-2.0,0.0,0.0,0,1.0,1.0,0,0)
DispatchTrackball(-1,919223,2,-5.0,3.0,0.0,0.0,0,1.0,1.0,0,0)
DispatchTrackball(-1,919226,2,-4.0,-1.0,0.0,0.0,0,1.0,1.0,0,0)
DispatchTrackball(-1,919228,2,3.0,3.0,0.0,0.0,0,1.0,1.0,0,0)
DispatchTrackball(-1,919235,2,1.0,-2.0,0.0,0.0,0,1.0,1.0,0,0)
DispatchKey(919238,919238,0,82,0,0,-1,0)
DispatchKey(919369,919369,1,82,0,0,-1,0)
DispatchPointer(919393,919393,0,59.0,63.0,0.0,0.0,0,1.0,1.0,0,0)
DispatchPointer(919393,919399,2,60.121563,77.680435,0.0,0.0,0,1.0,1.0,0,0)
DispatchPointer(919393,919405,2,61.185474,87.29971,0.0,0.0,0,1.0,1.0,0,0)
DispatchPointer(919393,919414,1,61.5692,103.56313,0.0,0.0,0,1.0,1.0,0,0)
DispatchPointer(919432,919432,0,149.0,16.0,0.0,0.0,0,1.0,1.0,0,0)
DispatchPointer(919432,919490,261,139.83952,9.685448,0.0,0.0,0,1.0,1.0,0,0)
DispatchPointer(919432,919498,2,133.47418,4.679069,0.0,0.0,0,1.0,1.0,0,0)
DispatchPointer(919432,919507,262,129.92256,0.0,0.0,0.0,0,1.0,1.0,0,0)
DispatchPointer(919432,919522,1,120.72562,0.0,0.0,0.0,0,1.0,1.0,0,0)
DispatchTrackball(-1,919533,2,3.0,-4.0,0.0,0.0,0,1.0,1.0,0,0)
DispatchTrackball(-1,919538,2,-1.0,2.0,0.0,0.0,0,1.0,1.0,0,0)
DispatchTrackball(-1,919543,2,-4.0,2.0,0.0,0.0,0,1.0,1.0,0,0)
DispatchTrackball(-1,919547,2,-1.0,2.0,0.0,0.0,0,1.0,1.0,0,0)
DispatchTrackball(-1,919550,2,-4.0,-1.0,0.0,0.0,0,1.0,1.0,0,0)
DispatchTrackball(-1,919555,2,1.0,-2.0,0.0,0.0,0,1.0,1.0,0,0)
DispatchTrackball(-1,919561,2,-5.0,4.0,0.0,0.0,0,1.0,1.0,0,0)
DispatchTrackball(-1,919563,2,-3.0,-4.0,0.0,0.0,0,1.0,1.0,0,0)
DispatchTrackball(-1,919566,2,3.0,-1.0,0.0,0.0,0,1.0,1.0,0,0)
DispatchTrackball(-1,919568,2,-3.0,1.0,0.0,0.0,0,1.0,1.0,0,0)
DispatchKey(919582,919582,0,22,0,0,-1,0)
DispatchKey(919609,919609,1,22,0,0,-1,0)
DispatchKey(919627,919627,0,5,0,0,-1,0)
DispatchKey(919674,919674,1,5,0,0,-1,0)
DispatchPointer(919685,919686,0,294.0,427.0,0.0,0.0,0,1.0,1.0,0,0)
DispatchPointer(919685,919713,1,278.77667,428.28714,0.0,0.0,0,1.0,1.0,0,0)
DispatchKey(919731,919731,0,82,0,0,-1,0)
DispatchKey(919744,919744,1,82,0,0,-1,0)
DispatchTrackball(-1,920154,2,1.0,-1.0,0.0,0.0,0,1.0,1.0,0,0)
DispatchTrackball(-1,920188,2,0.0,1.0,0.0,0.0,0,1.0,1.0,0,0)
DispatchTrackball(-1,920194,2,4.0,4.0,0.0,0.0,0,1.0,1.0,0,0)
DispatchTrackball(-1,920196,2,-3.0,4.0,0.0,0.0,0,1.0,1.0,0,0)
DispatchTrackball(-1,920198,2,-1.0,-2.0,0.0,0.0,0,1.0,1.0,0,0)
DispatchTrackball(-1,920226,2,3.0,-3.0,0.0,0.0,0,1.0,1.0,0,0)
DispatchTrackball(-1,920253,2,2.0,4.0,0.0,0.0,0,1.0,1.0,0,0)
DispatchTrackball(-1,920259,2,-1.0,-3.0,0.0,0.0,0,1.0,1.0,0,0)
DispatchTrackball(-1,920276,2,2.0,-4.0,0.0,0.0,0,1.0,1.0,0,0)
DispatchTrackball(-1,920282,2,-4.0,1.0,0.0,0.0,0,1.0,1.0,0,0)
DispatchTrackball(920154,920311,0,0.0,0.0,0.0,0.0,0,1.0,1.0,0,0)
DispatchTrackball(920154,920315,1,0.0,0.0,0.0,0.0,0,1.0,1.0,0,0)
DispatchKey(920337,920337,0,21,0,0,-1,0)
DispatchKey(920348,920348,1,21,0,0,-1,0)
DispatchKey(920365,920365,0,23,0,0,-1,0)
DispatchKey(920379,920379,1,23,0,0,-1,0)
DispatchPointer(920389,920389,0,305.0,82.0,0.0,0.0,0,1.0,1.0,0,0)
DispatchPointer(920389,920406,1,320.0,90.87584,0.0,0.0,0,1.0,1.0,0,0)
DispatchKey(920414,920414,0,20,0,0,-1,0)
DispatchKey(920419,920419,1,20,0,0,-1,0)
DispatchTrackball(-1,920452,2,-2.0,2.0,0.0,0.0,0,1.0,1.0,0,0)
DispatchTrackball(-1,920458,2,2.0,-1.0,0.0,0.0,0,1.0,1.0,0,0)
DispatchTrackball(-1,920472,2,-2.0,1.0,0.0,0.0,0,1.0,1.0,0,0)
DispatchTrackball(-1,920525,2,-1.0,-1.0,0.0,0.0,0,1.0,1.0,0,0)
DispatchTrackball(-1,920547,2,-4.0,-3.0,0.0,0.0,0,1.0,1.0,0,0)
DispatchTrackball(-1,920556,2,-1.0,-5.0,0.0,0.0,0,1.0,1.0,0,0)
DispatchTrackball(-1,920670,2,1.0,-4.0,0.0,0.0,0,1.0,1.0,0,0)
DispatchTrackball(-1,920673,2,3.0,1.0,0.0,0.0,0,1.0,1.0,0,0)
DispatchTrackball(-1,920675,2,-2.0,-1.0,0.0,0.0,0,1.0,1.0,0,0)
DispatchTrackball(-1,920677,2,-3.0,4.0,0.0,0.0,0,1.0,1.0,0,0)
DispatchKey(920697,920697,0,19,0,0,-1,0)
DispatchKey(920713,920713,1,19,0,0,-1,0)
DispatchKey(920723,920723,0,22,0,0,-1,0)
DispatchKey(920734,920734,1,22,0,0,-1,0)
DispatchTrackball(-1,920742,2,2.0,-2.0,0.0,0.0,0,1.0,1.0,0,0)
DispatchTrackball(-1,920747,2,-1.0,4.0,0.0,0.0,0,1.0,1.0,0,0)
DispatchTrackball(-1,920762,2,0.0,-4.0,0.0,0.0,0,1.0,1.0,0,0)
DispatchTrackball(-1,920765,2,0.0,-5.0,0.0,0.0,0,1.0,1.0,0,0)
DispatchTrackball(-1,920776,2,-5.0,-5.0,0.0,0.0,0,1.0,1.0,0,0)
DispatchTrackball(-1,920796,2,2.0,2.0,0.0,0.0,0,1.0,1.0,0,0)
DispatchTrackball(-1,920802,2,3.0,4.0,0.0,0.0,0,1.0,1.0,0,0)
DispatchTrackball(-1,920811,2,-4.0,-5.0,0.0,0.0,0,1.0,1.0,0,0)
DispatchTrackball(-1,920820,2,-1.0,-4.0,0.0,0.0,0,1.0,1.0,0,0)
DispatchTrackball(-1,920833,2,-3.0,1.0,0.0,0.0,0,1.0,1.0,0,0)
DispatchTrackball(-1,920836,2,4.0,-5.0,0.0,0.0,0,1.0,1.0,0,0)
